1: 7013
pos: [-5, 4, 3, 6] vel: [3, -1, 1, -3]
pos: [1, 2, 5, 0] vel: [6, -2, 2, -6]
pos: [8, -1, 4, -3] vel: [7, -3, -1, -3]
pos: [12, -3, 2, -3] vel: [4, -2, -2, 0]
pos: [13, -3, -1, -1] vel: [1, 0, -3, 2]
pos: [11, 0, -4, 1] vel: [-2, 3, -3, 2]
pos: [6, 4, -4, 2] vel: [-5, 4, 0, 1]
pos: [-2, 7, -1, 4] vel: [-8, 3, 3, 2]
pos: [-7, 7, 3, 5] vel: [-5, 0, 4, 1]
pos: [-9, 4, 8, 5] vel: [-2, -3, 5, 0]
pos: [-8, 2, 10, 4] vel: [1, -2, 2, -1]
pos: [-4, 1, 9, 2] vel: [4, -1, -1, -2]
pos: [3, 1, 5, -1] vel: [7, 0, -4, -3]
pos: [9, 2, -2, -1] vel: [6, 1, -7, 0]
pos: [12, 2, -6, 0] vel: [3, 0, -4, 1]
pos: [12, 1, -7, 2] vel: [0, -1, -1, 2]
pos: [9, 1, -5, 3] vel: [-3, 0, 2, 1]
pos: [3, 2, 0, 3] vel: [-6, 1, 5, 0]
pos: [-5, 4, 8, 1] vel: [-8, 2, 8, -2]
pos: [-10, 5, 13, 0] vel: [-5, 1, 5, -1]
pos: [-12, 5, 15, 0] vel: [-2, 0, 2, 0]
pos: [-11, 4, 14, 1] vel: [1, -1, -1, 1]
pos: [-7, 2, 10, 3] vel: [4, -2, -4, 2]
pos: [0, 1, 3, 4] vel: [7, -1, -7, 1]
pos: [10, 1, -5, 2] vel: [10, 0, -8, -2]
pos: [17, 2, -10, -1] vel: [7, 1, -5, -3]
pos: [21, 2, -12, -3] vel: [4, 0, -2, -2]
pos: [22, 1, -11, -4] vel: [1, -1, 1, -1]
pos: [20, -1, -7, -4] vel: [-2, -2, 4, 0]
pos: [15, -4, 0, -3] vel: [-5, -3, 7, 1]
pos: [7, -4, 6, -1] vel: [-8, 0, 6, 2]
pos: [-4, -1, 11, 2] vel: [-11, 3, 5, 3]
pos: [-12, 3, 13, 4] vel: [-8, 4, 2, 2]
pos: [-17, 8, 12, 5] vel: [-5, 5, -1, 1]
pos: [-19, 12, 8, 7] vel: [-2, 4, -4, 2]
pos: [-18, 13, 3, 10] vel: [1, 1, -5, 3]
pos: [-14, 11, -1, 12] vel: [4, -2, -4, 2]
pos: [-7, 8, -4, 11] vel: [7, -3, -3, -1]
pos: [3, 4, -6, 7] vel: [10, -4, -2, -4]
pos: [14, -1, -5, 0] vel: [11, -5, 1, -7]
pos: [22, -5, -1, -8] vel: [8, -4, 4, -8]
pos: [27, -8, 2, -13] vel: [5, -3, 3, -5]
pos: [29, -10, 4, -15] vel: [2, -2, 2, -2]
pos: [28, -11, 5, -14] vel: [-1, -1, 1, 1]
pos: [24, -11, 5, -10] vel: [-4, 0, 0, 4]
pos: [17, -8, 4, -5] vel: [-7, 3, -1, 5]
pos: [7, -2, 2, 1] vel: [-10, 6, -2, 6]
pos: [-6, 7, -1, 8] vel: [-13, 9, -3, 7]
pos: [-16, 15, -3, 12] vel: [-10, 8, -2, 4]
pos: [-23, 20, -4, 15] vel: [-7, 5, -1, 3]
pos: [-27, 22, -4, 17] vel: [-4, 2, 0, 2]
pos: [-28, 21, -3, 18] vel: [-1, -1, 1, 1]
pos: [-26, 17, -1, 18] vel: [2, -4, 2, 0]
pos: [-21, 12, 2, 15] vel: [5, -5, 3, -3]
pos: [-13, 6, 6, 9] vel: [8, -6, 4, -6]
pos: [-2, 0, 10, 0] vel: [11, -6, 4, -9]
pos: [12, -6, 11, -9] vel: [14, -6, 1, -9]
pos: [23, -11, 11, -15] vel: [11, -5, 0, -6]
pos: [31, -15, 10, -18] vel: [8, -4, -1, -3]
pos: [36, -18, 8, -18] vel: [5, -3, -2, 0]
pos: [38, -19, 5, -16] vel: [2, -1, -3, 2]
pos: [37, -17, 1, -13] vel: [-1, 2, -4, 3]
pos: [33, -12, -4, -9] vel: [-4, 5, -5, 4]
pos: [26, -4, -10, -4] vel: [-7, 8, -6, 5]
pos: [16, 4, -13, 1] vel: [-10, 8, -3, 5]
pos: [3, 11, -13, 7] vel: [-13, 7, 0, 6]
pos: [-9, 15, -10, 12] vel: [-12, 4, 3, 5]
pos: [-20, 16, -4, 16] vel: [-11, 1, 6, 4]
pos: [-28, 15, 3, 18] vel: [-8, -1, 7, 2]
pos: [-33, 13, 11, 17] vel: [-5, -2, 8, -1]
pos: [-35, 10, 20, 13] vel: [-2, -3, 9, -4]
pos: [-34, 8, 26, 8] vel: [1, -2, 6, -5]
pos: [-30, 6, 29, 3] vel: [4, -2, 3, -5]
pos: [-23, 3, 29, -1] vel: [7, -3, 0, -4]
pos: [-13, -1, 26, -4] vel: [10, -4, -3, -3]
pos: [0, -6, 20, -6] vel: [13, -5, -6, -2]
pos: [12, -9, 11, -6] vel: [12, -3, -9, 0]
pos: [21, -9, 1, -5] vel: [9, 0, -10, 1]
pos: [27, -6, -10, -3] vel: [6, 3, -11, 2]
pos: [30, -2, -18, -2] vel: [3, 4, -8, 1]
pos: [30, 2, -23, -1] vel: [0, 4, -5, 1]
pos: [27, 5, -25, 1] vel: [-3, 3, -2, 2]
pos: [21, 7, -24, 4] vel: [-6, 2, 1, 3]
pos: [12, 8, -20, 8] vel: [-9, 1, 4, 4]
pos: [0, 9, -13, 12] vel: [-12, 1, 7, 4]
pos: [-11, 9, -3, 13] vel: [-11, 0, 10, 1]
pos: [-19, 8, 8, 11] vel: [-8, -1, 11, -2]
pos: [-24, 7, 19, 6] vel: [-5, -1, 11, -5]
pos: [-26, 5, 27, 2] vel: [-2, -2, 8, -4]
pos: [-25, 2, 32, -1] vel: [1, -3, 5, -3]
pos: [-21, -2, 34, -3] vel: [4, -4, 2, -2]
pos: [-14, -7, 33, -4] vel: [7, -5, -1, -1]
pos: [-4, -11, 29, -6] vel: [10, -4, -4, -2]
pos: [5, -12, 22, -7] vel: [9, -1, -7, -1]
pos: [13, -10, 12, -7] vel: [8, 2, -10, 0]
pos: [18, -5, 1, -6] vel: [5, 5, -11, 1]
pos: [20, 1, -11, -2] vel: [2, 6, -12, 4]
pos: [19, 6, -20, 3] vel: [-1, 5, -9, 5]
pos: [15, 10, -26, 9] vel: [-4, 4, -6, 6]
pos: [8, 13, -29, 16] vel: [-7, 3, -3, 7]
pos: [2, 15, -29, 20] vel: [-6, 2, 0, 4]
pos: [-3, 16, -26, 21] vel: [-5, 1, 3, 1]
pos: [-7, 16, -20, 19] vel: [-4, 0, 6, -2]
pos: [-10, 15, -11, 14] vel: [-3, -1, 9, -5]
pos: [-12, 11, 1, 8] vel: [-2, -4, 12, -6]
pos: [-11, 4, 14, 1] vel: [1, -7, 13, -7]
pos: [-7, -4, 24, -5] vel: [4, -8, 10, -6]
pos: [0, -13, 31, -10] vel: [7, -9, 7, -5]
pos: [6, -19, 35, -14] vel: [6, -6, 4, -4]
pos: [11, -22, 36, -17] vel: [5, -3, 1, -3]
pos: [15, -22, 34, -19] vel: [4, 0, -2, -2]
pos: [18, -19, 29, -20] vel: [3, 3, -5, -1]
pos: [20, -15, 21, -18] vel: [2, 4, -8, 2]
pos: [21, -10, 10, -13] vel: [1, 5, -11, 5]
pos: [19, -4, -2, -5] vel: [-2, 6, -12, 8]
pos: [14, 3, -15, 6] vel: [-5, 7, -13, 11]
pos: [6, 11, -25, 16] vel: [-8, 8, -10, 10]
pos: [-1, 18, -32, 23] vel: [-7, 7, -7, 7]
pos: [-7, 24, -36, 27] vel: [-6, 6, -4, 4]
pos: [-12, 29, -37, 28] vel: [-5, 5, -1, 1]
pos: [-16, 31, -35, 28] vel: [-4, 2, 2, 0]
pos: [-19, 30, -30, 27] vel: [-3, -1, 5, -1]
pos: [-21, 26, -22, 25] vel: [-2, -4, 8, -2]
pos: [-22, 19, -11, 22] vel: [-1, -7, 11, -3]
pos: [-20, 11, 1, 16] vel: [2, -8, 12, -6]
pos: [-15, 2, 14, 7] vel: [5, -9, 13, -9]
pos: [-7, -6, 24, -3] vel: [8, -8, 10, -10]
pos: [4, -13, 31, -14] vel: [11, -7, 7, -11]
pos: [14, -19, 35, -22] vel: [10, -6, 4, -8]
pos: [23, -24, 36, -27] vel: [9, -5, 1, -5]
pos: [31, -28, 34, -29] vel: [8, -4, -2, -2]
pos: [38, -31, 29, -28] vel: [7, -3, -5, 1]
pos: [42, -31, 23, -26] vel: [4, 0, -6, 2]
pos: [43, -28, 16, -23] vel: [1, 3, -7, 3]
pos: [41, -22, 8, -19] vel: [-2, 6, -8, 4]
pos: [36, -13, -1, -14] vel: [-5, 9, -9, 5]
pos: [28, -3, -11, -6] vel: [-8, 10, -10, 8]
pos: [17, 6, -18, 3] vel: [-11, 9, -7, 9]
pos: [3, 14, -22, 13] vel: [-14, 8, -4, 10]
pos: [-10, 19, -23, 22] vel: [-13, 5, -1, 9]
pos: [-22, 23, -21, 28] vel: [-12, 4, 2, 6]
pos: [-31, 26, -18, 31] vel: [-9, 3, 3, 3]
pos: [-37, 28, -14, 31] vel: [-6, 2, 4, 0]
pos: [-40, 29, -9, 28] vel: [-3, 1, 5, -3]
pos: [-40, 27, -3, 24] vel: [0, -2, 6, -4]
pos: [-37, 22, 4, 19] vel: [3, -5, 7, -5]
pos: [-31, 14, 12, 13] vel: [6, -8, 8, -6]
pos: [-22, 3, 21, 6] vel: [9, -11, 9, -7]
pos: [-10, -7, 27, -2] vel: [12, -10, 6, -8]
pos: [5, -16, 30, -11] vel: [15, -9, 3, -9]
pos: [19, -22, 30, -19] vel: [14, -6, 0, -8]
pos: [32, -25, 27, -26] vel: [13, -3, -3, -7]
pos: [42, -27, 23, -30] vel: [10, -2, -4, -4]
pos: [49, -28, 18, -31] vel: [7, -1, -5, -1]
pos: [53, -28, 12, -29] vel: [4, 0, -6, 2]
pos: [54, -27, 5, -24] vel: [1, 1, -7, 5]
pos: [52, -23, -3, -18] vel: [-2, 4, -8, 6]
pos: [47, -16, -12, -11] vel: [-5, 7, -9, 7]
pos: [39, -6, -20, -5] vel: [-8, 10, -8, 6]
pos: [28, 5, -25, 0] vel: [-11, 11, -5, 5]
pos: [14, 15, -27, 6] vel: [-14, 10, -2, 6]
pos: [-1, 22, -26, 13] vel: [-15, 7, 1, 7]
pos: [-15, 26, -22, 19] vel: [-14, 4, 4, 6]
pos: [-28, 27, -15, 24] vel: [-13, 1, 7, 5]
pos: [-38, 25, -7, 28] vel: [-10, -2, 8, 4]
pos: [-45, 22, 2, 29] vel: [-7, -3, 9, 1]
pos: [-49, 18, 12, 27] vel: [-4, -4, 10, -2]
pos: [-50, 13, 23, 22] vel: [-1, -5, 11, -5]
pos: [-48, 9, 31, 16] vel: [2, -4, 8, -6]
pos: [-43, 6, 36, 9] vel: [5, -3, 5, -7]
pos: [-35, 4, 38, 1] vel: [8, -2, 2, -8]
pos: [-24, 1, 37, -6] vel: [11, -3, -1, -7]
pos: [-10, -3, 33, -12] vel: [14, -4, -4, -6]
pos: [5, -8, 26, -15] vel: [15, -5, -7, -3]
pos: [19, -12, 16, -15] vel: [14, -4, -10, 0]
pos: [30, -15, 5, -12] vel: [11, -3, -11, 3]
pos: [38, -15, -7, -8] vel: [8, 0, -12, 4]
pos: [43, -12, -20, -3] vel: [5, 3, -13, 5]
pos: [45, -8, -30, 1] vel: [2, 4, -10, 4]
pos: [44, -3, -37, 4] vel: [-1, 5, -7, 3]
pos: [40, 3, -41, 6] vel: [-4, 6, -4, 2]
pos: [33, 10, -42, 7] vel: [-7, 7, -1, 1]
pos: [23, 16, -40, 9] vel: [-10, 6, 2, 2]
pos: [10, 21, -35, 12] vel: [-13, 5, 5, 3]
pos: [-2, 23, -27, 14] vel: [-12, 2, 8, 2]
pos: [-13, 22, -16, 15] vel: [-11, -1, 11, 1]
pos: [-23, 18, -2, 15] vel: [-10, -4, 14, 0]
pos: [-30, 11, 13, 14] vel: [-7, -7, 15, -1]
pos: [-34, 5, 27, 10] vel: [-4, -6, 14, -4]
pos: [-35, 0, 38, 5] vel: [-1, -5, 11, -5]
pos: [-33, -4, 46, -1] vel: [2, -4, 8, -6]
pos: [-28, -7, 51, -8] vel: [5, -3, 5, -7]
pos: [-20, -11, 53, -14] vel: [8, -4, 2, -6]
pos: [-9, -16, 52, -19] vel: [11, -5, -1, -5]
pos: [1, -20, 48, -21] vel: [10, -4, -4, -2]
pos: [10, -23, 41, -20] vel: [9, -3, -7, 1]
pos: [18, -23, 31, -18] vel: [8, 0, -10, 2]
pos: [25, -20, 18, -15] vel: [7, 3, -13, 3]
pos: [29, -14, 4, -11] vel: [4, 6, -14, 4]
pos: [30, -5, -11, -6] vel: [1, 9, -15, 5]
pos: [28, 3, -23, 0] vel: [-2, 8, -12, 6]
pos: [23, 10, -32, 7] vel: [-5, 7, -9, 7]
pos: [15, 16, -38, 15] vel: [-8, 6, -6, 8]
pos: [7, 19, -41, 23] vel: [-8, 3, -3, 8]
pos: [0, 21, -41, 28] vel: [-7, 2, 0, 5]
pos: [-6, 22, -38, 30] vel: [-6, 1, 3, 2]
pos: [-11, 22, -32, 29] vel: [-5, 0, 6, -1]
pos: [-15, 21, -23, 25] vel: [-4, -1, 9, -4]
pos: [-18, 19, -11, 18] vel: [-3, -2, 12, -7]
pos: [-18, 14, 2, 10] vel: [0, -5, 13, -8]
pos: [-15, 6, 16, 1] vel: [3, -8, 14, -9]
pos: [-9, -3, 27, -7] vel: [6, -9, 11, -8]
pos: [0, -13, 35, -14] vel: [9, -10, 8, -7]
pos: [8, -22, 40, -18] vel: [8, -9, 5, -4]
pos: [15, -28, 42, -21] vel: [7, -6, 2, -3]
pos: [21, -31, 41, -23] vel: [6, -3, -1, -2]
pos: [26, -31, 37, -24] vel: [5, 0, -4, -1]
pos: [30, -28, 30, -24] vel: [4, 3, -7, 0]
pos: [32, -22, 21, -23] vel: [2, 6, -9, 1]
pos: [31, -15, 11, -19] vel: [-1, 7, -10, 4]
pos: [27, -7, 0, -12] vel: [-4, 8, -11, 7]
pos: [20, 2, -12, -2] vel: [-7, 9, -12, 10]
pos: [10, 10, -21, 9] vel: [-10, 8, -9, 11]
pos: [-2, 16, -27, 21] vel: [-12, 6, -6, 12]
pos: [-13, 21, -30, 30] vel: [-11, 5, -3, 9]
pos: [-23, 25, -30, 36] vel: [-10, 4, 0, 6]
pos: [-32, 28, -27, 39] vel: [-9, 3, 3, 3]
pos: [-38, 30, -23, 39] vel: [-6, 2, 4, 0]
pos: [-41, 31, -18, 36] vel: [-3, 1, 5, -3]
pos: [-41, 31, -12, 30] vel: [0, 0, 6, -6]
pos: [-38, 28, -5, 23] vel: [3, -3, 7, -7]
pos: [-32, 22, 3, 15] vel: [6, -6, 8, -8]
pos: [-23, 13, 12, 6] vel: [9, -9, 9, -9]
pos: [-11, 1, 20, -2] vel: [12, -12, 8, -8]
pos: [4, -12, 25, -9] vel: [15, -13, 5, -7]
pos: [18, -22, 27, -15] vel: [14, -10, 2, -6]
pos: [31, -29, 26, -20] vel: [13, -7, -1, -5]
pos: [41, -33, 24, -24] vel: [10, -4, -2, -4]
pos: [48, -34, 21, -27] vel: [7, -1, -3, -3]
pos: [52, -32, 17, -29] vel: [4, 2, -4, -2]
pos: [53, -27, 12, -30] vel: [1, 5, -5, -1]
pos: [51, -21, 6, -28] vel: [-2, 6, -6, 2]
pos: [46, -14, -1, -23] vel: [-5, 7, -7, 5]
pos: [38, -6, -9, -15] vel: [-8, 8, -8, 8]
pos: [27, 1, -16, -4] vel: [-11, 7, -7, 11]
pos: [13, 7, -20, 8] vel: [-14, 6, -4, 12]
pos: [-4, 14, -21, 19] vel: [-17, 7, -1, 11]
pos: [-20, 20, -19, 27] vel: [-16, 6, 2, 8]
pos: [-33, 25, -16, 32] vel: [-13, 5, 3, 5]
pos: [-43, 29, -12, 34] vel: [-10, 4, 4, 2]
pos: [-50, 32, -7, 33] vel: [-7, 3, 5, -1]
pos: [-54, 34, -1, 29] vel: [-4, 2, 6, -4]
pos: [-55, 33, 6, 24] vel: [-1, -1, 7, -5]
pos: [-53, 29, 14, 18] vel: [2, -4, 8, -6]
pos: [-48, 22, 23, 11] vel: [5, -7, 9, -7]
pos: [-40, 14, 29, 5] vel: [8, -8, 6, -6]
pos: [-29, 5, 32, 0] vel: [11, -9, 3, -5]
pos: [-15, -5, 32, -4] vel: [14, -10, 0, -4]
pos: [2, -14, 29, -9] vel: [17, -9, -3, -5]
pos: [18, -20, 23, -13] vel: [16, -6, -6, -4]
pos: [33, -23, 14, -16] vel: [15, -3, -9, -3]
pos: [45, -23, 4, -18] vel: [12, 0, -10, -2]
pos: [54, -20, -7, -19] vel: [9, 3, -11, -1]
pos: [60, -14, -19, -19] vel: [6, 6, -12, 0]
pos: [63, -9, -29, -17] vel: [3, 5, -10, 2]
pos: [63, -5, -36, -14] vel: [0, 4, -7, 3]
pos: [60, -2, -40, -10] vel: [-3, 3, -4, 4]
pos: [54, 0, -41, -5] vel: [-6, 2, -1, 5]
pos: [45, 1, -39, 1] vel: [-9, 1, 2, 6]
pos: [33, 2, -34, 7] vel: [-12, 1, 5, 6]
pos: [18, 4, -26, 12] vel: [-15, 2, 8, 5]
pos: [0, 7, -15, 16] vel: [-18, 3, 11, 4]
pos: [-17, 9, -1, 17] vel: [-17, 2, 14, 1]
pos: [-31, 10, 14, 15] vel: [-14, 1, 15, -2]
pos: [-42, 12, 28, 10] vel: [-11, 2, 14, -5]
pos: [-50, 13, 39, 6] vel: [-8, 1, 11, -4]
pos: [-55, 13, 47, 3] vel: [-5, 0, 8, -3]
pos: [-57, 12, 52, 1] vel: [-2, -1, 5, -2]
pos: [-56, 10, 54, 0] vel: [1, -2, 2, -1]
pos: [-52, 7, 53, 0] vel: [4, -3, -1, 0]
pos: [-45, 3, 49, 1] vel: [7, -4, -4, 1]
pos: [-35, -2, 42, 3] vel: [10, -5, -7, 2]
pos: [-22, -6, 32, 4] vel: [13, -4, -10, 1]
pos: [-6, -9, 19, 4] vel: [16, -3, -13, 0]
pos: [11, -9, 3, 3] vel: [17, 0, -16, -1]
pos: [25, -6, -13, 2] vel: [14, 3, -16, -1]
pos: [36, -2, -26, 0] vel: [11, 4, -13, -2]
pos: [44, 3, -36, -3] vel: [8, 5, -10, -3]
pos: [49, 7, -43, -5] vel: [5, 4, -7, -2]
pos: [51, 10, -47, -6] vel: [2, 3, -4, -1]
pos: [50, 12, -48, -6] vel: [-1, 2, -1, 0]
pos: [46, 13, -46, -5] vel: [-4, 1, 2, 1]
pos: [39, 13, -41, -3] vel: [-7, 0, 5, 2]
pos: [29, 12, -33, 0] vel: [-10, -1, 8, 3]
pos: [16, 10, -22, 4] vel: [-13, -2, 11, 4]
pos: [0, 7, -8, 9] vel: [-16, -3, 14, 5]
pos: [-15, 3, 9, 11] vel: [-15, -4, 17, 2]
pos: [-27, 0, 25, 10] vel: [-12, -3, 16, -1]
pos: [-36, -2, 38, 8] vel: [-9, -2, 13, -2]
pos: [-42, -3, 48, 5] vel: [-6, -1, 10, -3]
pos: [-45, -3, 55, 1] vel: [-3, 0, 7, -4]
pos: [-45, -2, 59, -4] vel: [0, 1, 4, -5]
pos: [-42, -2, 60, -8] vel: [3, 0, 1, -4]
pos: [-36, -3, 58, -11] vel: [6, -1, -2, -3]
pos: [-27, -5, 53, -13] vel: [9, -2, -5, -2]
pos: [-15, -8, 45, -14] vel: [12, -3, -8, -1]
pos: [0, -12, 34, -14] vel: [15, -4, -11, 0]
pos: [14, -15, 20, -11] vel: [14, -3, -14, 3]
pos: [27, -15, 3, -7] vel: [13, 0, -17, 4]
pos: [37, -12, -15, -2] vel: [10, 3, -18, 5]
pos: [44, -8, -30, 2] vel: [7, 4, -15, 4]
pos: [48, -3, -42, 5] vel: [4, 5, -12, 3]
pos: [49, 3, -51, 7] vel: [1, 6, -9, 2]
pos: [47, 10, -57, 8] vel: [-2, 7, -6, 1]
pos: [42, 16, -60, 10] vel: [-5, 6, -3, 2]
pos: [34, 21, -60, 13] vel: [-8, 5, 0, 3]
pos: [23, 25, -57, 17] vel: [-11, 4, 3, 4]
pos: [11, 26, -51, 22] vel: [-12, 1, 6, 5]
pos: [0, 24, -42, 26] vel: [-11, -2, 9, 4]
pos: [-10, 21, -30, 27] vel: [-10, -3, 12, 1]
pos: [-19, 17, -15, 25] vel: [-9, -4, 15, -2]
pos: [-25, 12, 1, 20] vel: [-6, -5, 16, -5]
pos: [-28, 6, 18, 12] vel: [-3, -6, 17, -8]
pos: [-28, 1, 32, 3] vel: [0, -5, 14, -9]
pos: [-25, -3, 43, -7] vel: [3, -4, 11, -10]
pos: [-19, -8, 51, -16] vel: [6, -5, 8, -9]
pos: [-10, -14, 56, -24] vel: [9, -6, 5, -8]
pos: [-2, -19, 58, -29] vel: [8, -5, 2, -5]
pos: [5, -23, 57, -31] vel: [7, -4, -1, -2]
pos: [11, -26, 53, -30] vel: [6, -3, -4, 1]
pos: [16, -28, 46, -26] vel: [5, -2, -7, 4]
pos: [20, -27, 36, -21] vel: [4, 1, -10, 5]
pos: [23, -23, 23, -15] vel: [3, 4, -13, 6]
pos: [24, -16, 8, -8] vel: [1, 7, -15, 7]
pos: [22, -6, -8, 0] vel: [-2, 10, -16, 8]
pos: [17, 5, -21, 7] vel: [-5, 11, -13, 7]
pos: [9, 17, -31, 13] vel: [-8, 12, -10, 6]
pos: [2, 26, -38, 18] vel: [-7, 9, -7, 5]
pos: [-4, 32, -42, 22] vel: [-6, 6, -4, 4]
pos: [-9, 35, -43, 25] vel: [-5, 3, -1, 3]
pos: [-13, 35, -41, 27] vel: [-4, 0, 2, 2]
pos: [-16, 32, -36, 28] vel: [-3, -3, 5, 1]
pos: [-18, 26, -28, 28] vel: [-2, -6, 8, 0]
pos: [-19, 19, -17, 25] vel: [-1, -7, 11, -3]
pos: [-17, 11, -5, 19] vel: [2, -8, 12, -6]
pos: [-12, 2, 8, 10] vel: [5, -9, 13, -9]
pos: [-4, -6, 20, -2] vel: [8, -8, 12, -12]
pos: [5, -11, 29, -15] vel: [9, -5, 9, -13]
pos: [13, -15, 35, -25] vel: [8, -4, 6, -10]
pos: [20, -18, 38, -32] vel: [7, -3, 3, -7]
pos: [26, -20, 38, -36] vel: [6, -2, 0, -4]
pos: [31, -21, 35, -37] vel: [5, -1, -3, -1]
pos: [35, -21, 29, -35] vel: [4, 0, -6, 2]
pos: [36, -20, 22, -30] vel: [1, 1, -7, 5]
pos: [34, -18, 14, -22] vel: [-2, 2, -8, 8]
pos: [29, -15, 5, -11] vel: [-5, 3, -9, 11]
pos: [21, -9, -5, 1] vel: [-8, 6, -10, 12]
pos: [10, 0, -14, 12] vel: [-11, 9, -9, 11]
pos: [-2, 10, -20, 20] vel: [-12, 10, -6, 8]
pos: [-13, 19, -23, 25] vel: [-11, 9, -3, 5]
pos: [-23, 27, -23, 27] vel: [-10, 8, 0, 2]
pos: [-31, 33, -21, 27] vel: [-8, 6, 2, 0]
pos: [-36, 36, -18, 26] vel: [-5, 3, 3, -1]
pos: [-38, 36, -14, 24] vel: [-2, 0, 4, -2]
pos: [-37, 33, -9, 21] vel: [1, -3, 5, -3]
pos: [-33, 27, -3, 17] vel: [4, -6, 6, -4]
pos: [-26, 18, 4, 12] vel: [7, -9, 7, -5]
pos: [-16, 6, 12, 6] vel: [10, -12, 8, -6]
pos: [-3, -6, 17, 0] vel: [13, -12, 5, -6]
pos: [11, -15, 19, -7] vel: [14, -9, 2, -7]
pos: [24, -21, 18, -13] vel: [13, -6, -1, -6]
pos: [34, -24, 16, -18] vel: [10, -3, -2, -5]
pos: [41, -24, 13, -22] vel: [7, 0, -3, -4]
pos: [45, -21, 9, -25] vel: [4, 3, -4, -3]
pos: [46, -17, 4, -25] vel: [1, 4, -5, 0]
pos: [44, -12, -2, -22] vel: [-2, 5, -6, 3]
pos: [39, -6, -9, -16] vel: [-5, 6, -7, 6]
pos: [31, -1, -15, -7] vel: [-8, 5, -6, 9]
pos: [20, 3, -18, 3] vel: [-11, 4, -3, 10]
pos: [6, 7, -18, 13] vel: [-14, 4, 0, 10]
pos: [-7, 10, -15, 20] vel: [-13, 3, 3, 7]
pos: [-19, 12, -9, 24] vel: [-12, 2, 6, 4]
pos: [-28, 13, -2, 25] vel: [-9, 1, 7, 1]
pos: [-34, 13, 6, 23] vel: [-6, 0, 8, -2]
pos: [-37, 12, 15, 18] vel: [-3, -1, 9, -5]
pos: [-37, 12, 23, 10] vel: [0, 0, 8, -8]
pos: [-34, 11, 28, 3] vel: [3, -1, 5, -7]
pos: [-28, 9, 30, -3] vel: [6, -2, 2, -6]
pos: [-19, 6, 29, -8] vel: [9, -3, -1, -5]
pos: [-7, 2, 25, -12] vel: [12, -4, -4, -4]
pos: [6, -3, 18, -13] vel: [13, -5, -7, -1]
pos: [18, -7, 8, -11] vel: [12, -4, -10, 2]
pos: [27, -10, -3, -6] vel: [9, -3, -11, 5]
pos: [33, -10, -15, 0] vel: [6, 0, -12, 6]
pos: [36, -9, -24, 5] vel: [3, 1, -9, 5]
pos: [36, -7, -30, 9] vel: [0, 2, -6, 4]
pos: [33, -4, -33, 12] vel: [-3, 3, -3, 3]
pos: [27, 0, -33, 14] vel: [-6, 4, 0, 2]
pos: [18, 5, -30, 15] vel: [-9, 5, 3, 1]
pos: [6, 11, -24, 15] vel: [-12, 6, 6, 0]
pos: [-5, 16, -15, 12] vel: [-11, 5, 9, -3]
pos: [-15, 18, -3, 8] vel: [-10, 2, 12, -4]
pos: [-22, 17, 10, 3] vel: [-7, -1, 13, -5]
pos: [-26, 13, 22, -1] vel: [-4, -4, 12, -4]
pos: [-27, 8, 31, -4] vel: [-1, -5, 9, -3]
pos: [-25, 2, 37, -6] vel: [2, -6, 6, -2]
pos: [-20, -5, 40, -7] vel: [5, -7, 3, -1]
pos: [-12, -13, 40, -7] vel: [8, -8, 0, 0]
pos: [-3, -18, 37, -8] vel: [9, -5, -3, -1]
pos: [5, -20, 31, -8] vel: [8, -2, -6, 0]
pos: [12, -19, 22, -7] vel: [7, 1, -9, 1]
pos: [18, -15, 10, -5] vel: [6, 4, -12, 2]
pos: [21, -8, -3, -2] vel: [3, 7, -13, 3]
pos: [21, 2, -15, 0] vel: [0, 10, -12, 2]
pos: [18, 11, -24, 3] vel: [-3, 9, -9, 3]
pos: [12, 19, -30, 7] vel: [-6, 8, -6, 4]
pos: [5, 24, -33, 12] vel: [-7, 5, -3, 5]
pos: [-1, 26, -33, 16] vel: [-6, 2, 0, 4]
pos: [-6, 25, -30, 19] vel: [-5, -1, 3, 3]
pos: [-10, 21, -24, 21] vel: [-4, -4, 6, 2]
pos: [-13, 15, -15, 21] vel: [-3, -6, 9, 0]
pos: [-15, 8, -3, 18] vel: [-2, -7, 12, -3]
pos: [-14, 0, 10, 12] vel: [1, -8, 13, -6]
pos: [-10, -7, 22, 3] vel: [4, -7, 12, -9]
pos: [-3, -13, 31, -7] vel: [7, -6, 9, -10]
pos: [3, -16, 37, -16] vel: [6, -3, 6, -9]
pos: [8, -17, 40, -23] vel: [5, -1, 3, -7]
pos: [12, -17, 40, -27] vel: [4, 0, 0, -4]
pos: [15, -16, 37, -28] vel: [3, 1, -3, -1]
pos: [17, -14, 31, -26] vel: [2, 2, -6, 2]
pos: [18, -11, 22, -21] vel: [1, 3, -9, 5]
pos: [18, -7, 10, -13] vel: [0, 4, -12, 8]
pos: [15, -2, -3, -2] vel: [-3, 5, -13, 11]
pos: [9, 3, -13, 9] vel: [-6, 5, -10, 11]
pos: [1, 9, -20, 18] vel: [-8, 6, -7, 9]
pos: [-6, 14, -24, 24] vel: [-7, 5, -4, 6]
pos: [-12, 18, -25, 27] vel: [-6, 4, -1, 3]
pos: [-17, 21, -23, 27] vel: [-5, 3, 2, 0]
pos: [-21, 23, -18, 24] vel: [-4, 2, 5, -3]
pos: [-22, 24, -12, 18] vel: [-1, 1, 6, -6]
pos: [-20, 22, -5, 11] vel: [2, -2, 7, -7]
pos: [-15, 17, 3, 3] vel: [5, -5, 8, -8]
pos: [-7, 9, 11, -5] vel: [8, -8, 8, -8]
pos: [4, 0, 16, -12] vel: [11, -9, 5, -7]
pos: [14, -8, 18, -16] vel: [10, -8, 2, -4]
pos: [23, -15, 17, -17] vel: [9, -7, -1, -1]
pos: [29, -21, 15, -15] vel: [6, -6, -2, 2]
pos: [32, -24, 12, -12] vel: [3, -3, -3, 3]
pos: [32, -24, 8, -8] vel: [0, 0, -4, 4]
pos: [29, -21, 3, -3] vel: [-3, 3, -5, 5]
pos: [23, -15, -3, 3] vel: [-6, 6, -6, 6]
pos: [14, -6, -8, 8] vel: [-9, 9, -5, 5]
pos: [2, 4, -10, 12] vel: [-12, 10, -2, 4]
pos: [-9, 13, -9, 13] vel: [-11, 9, 1, 1]
pos: [-18, 20, -6, 12] vel: [-9, 7, 3, -1]
pos: [-24, 24, -2, 10] vel: [-6, 4, 4, -2]
pos: [-27, 25, 3, 7] vel: [-3, 1, 5, -3]
pos: [-27, 23, 9, 3] vel: [0, -2, 6, -4]
pos: [-24, 18, 14, 0] vel: [3, -5, 5, -3]
pos: [-18, 10, 18, -2] vel: [6, -8, 4, -2]
pos: [-9, 1, 19, -3] vel: [9, -9, 1, -1]
pos: [3, -9, 17, -3] vel: [12, -10, -2, 0]
pos: [14, -16, 12, -2] vel: [11, -7, -5, 1]
pos: [22, -20, 6, 0] vel: [8, -4, -6, 2]
pos: [27, -21, -1, 3] vel: [5, -1, -7, 3]
pos: [29, -19, -7, 5] vel: [2, 2, -6, 2]
pos: [28, -14, -12, 6] vel: [-1, 5, -5, 1]
pos: [24, -6, -16, 6] vel: [-4, 8, -4, 0]
pos: [17, 3, -17, 5] vel: [-7, 9, -1, -1]
pos: [7, 13, -15, 3] vel: [-10, 10, 2, -2]
pos: [-4, 20, -10, 2] vel: [-11, 7, 5, -1]
pos: [-14, 24, -2, 0] vel: [-10, 4, 8, -2]
pos: [-21, 25, 7, -3] vel: [-7, 1, 9, -3]
pos: [-25, 23, 15, -5] vel: [-4, -2, 8, -2]
pos: [-26, 18, 22, -6] vel: [-1, -5, 7, -1]
pos: [-24, 12, 26, -6] vel: [2, -6, 4, 0]
pos: [-19, 5, 27, -5] vel: [5, -7, 1, 1]
pos: [-11, -3, 25, -3] vel: [8, -8, -2, 2]
pos: [0, -11, 20, -1] vel: [11, -8, -5, 2]
pos: [10, -16, 12, 2] vel: [10, -5, -8, 3]
pos: [19, -18, 1, 6] vel: [9, -2, -11, 4]
pos: [25, -17, -9, 9] vel: [6, 1, -10, 3]
pos: [28, -13, -18, 11] vel: [3, 4, -9, 2]
pos: [28, -8, -24, 12] vel: [0, 5, -6, 1]
pos: [25, -2, -27, 12] vel: [-3, 6, -3, 0]
pos: [19, 5, -27, 11] vel: [-6, 7, 0, -1]
pos: [10, 13, -24, 9] vel: [-9, 8, 3, -2]
pos: [0, 18, -18, 8] vel: [-10, 5, 6, -1]
pos: [-9, 20, -9, 6] vel: [-9, 2, 9, -2]
pos: [-16, 19, 2, 3] vel: [-7, -1, 11, -3]
pos: [-20, 15, 14, -1] vel: [-4, -4, 12, -4]
pos: [-21, 8, 25, -4] vel: [-1, -7, 11, -3]
pos: [-19, 0, 33, -6] vel: [2, -8, 8, -2]
pos: [-14, -9, 38, -7] vel: [5, -9, 5, -1]
pos: [-6, -17, 40, -9] vel: [8, -8, 2, -2]
pos: [1, -22, 39, -10] vel: [7, -5, -1, -1]
pos: [7, -24, 35, -10] vel: [6, -2, -4, 0]
pos: [12, -23, 28, -9] vel: [5, 1, -7, 1]
pos: [16, -19, 18, -7] vel: [4, 4, -10, 2]
pos: [19, -12, 5, -4] vel: [3, 7, -13, 3]
pos: [19, -2, -9, 0] vel: [0, 10, -14, 4]
pos: [16, 9, -20, 3] vel: [-3, 11, -11, 3]
pos: [10, 19, -28, 7] vel: [-6, 10, -8, 4]
pos: [3, 26, -33, 12] vel: [-7, 7, -5, 5]
pos: [-3, 30, -35, 16] vel: [-6, 4, -2, 4]
pos: [-8, 31, -34, 19] vel: [-5, 1, 1, 3]
pos: [-12, 29, -30, 21] vel: [-4, -2, 4, 2]
pos: [-15, 24, -23, 22] vel: [-3, -5, 7, 1]
pos: [-17, 16, -13, 22] vel: [-2, -8, 10, 0]
pos: [-16, 7, -2, 19] vel: [1, -9, 11, -3]
pos: [-12, -3, 10, 13] vel: [4, -10, 12, -6]
pos: [-5, -12, 21, 4] vel: [7, -9, 11, -9]
pos: [3, -18, 29, -6] vel: [8, -6, 8, -10]
pos: [10, -21, 34, -15] vel: [7, -3, 5, -9]
pos: [16, -21, 36, -23] vel: [6, 0, 2, -8]
pos: [21, -20, 35, -28] vel: [5, 1, -1, -5]
pos: [25, -18, 31, -30] vel: [4, 2, -4, -2]
pos: [28, -15, 24, -29] vel: [3, 3, -7, 1]
pos: [28, -11, 16, -25] vel: [0, 4, -8, 4]
pos: [25, -6, 7, -18] vel: [-3, 5, -9, 7]
pos: [19, 0, -3, -8] vel: [-6, 6, -10, 10]
pos: [10, 5, -12, 5] vel: [-9, 5, -9, 13]
pos: [-2, 10, -18, 18] vel: [-12, 5, -6, 13]
pos: [-13, 14, -21, 28] vel: [-11, 4, -3, 10]
pos: [-23, 17, -21, 35] vel: [-10, 3, 0, 7]
pos: [-30, 19, -20, 39] vel: [-7, 2, 1, 4]
pos: [-34, 20, -18, 40] vel: [-4, 1, 2, 1]
pos: [-35, 20, -15, 38] vel: [-1, 0, 3, -2]
pos: [-33, 19, -11, 33] vel: [2, -1, 4, -5]
pos: [-28, 17, -6, 25] vel: [5, -2, 5, -8]
pos: [-20, 14, 0, 14] vel: [8, -3, 6, -11]
pos: [-9, 9, 7, 1] vel: [11, -5, 7, -13]
pos: [5, 1, 13, -11] vel: [14, -8, 6, -12]
pos: [18, -6, 16, -20] vel: [13, -7, 3, -9]
pos: [28, -12, 18, -26] vel: [10, -6, 2, -6]
pos: [35, -17, 19, -29] vel: [7, -5, 1, -3]
pos: [39, -21, 19, -29] vel: [4, -4, 0, 0]
pos: [40, -24, 18, -26] vel: [1, -3, -1, 3]
pos: [38, -26, 16, -20] vel: [-2, -2, -2, 6]
pos: [33, -25, 13, -13] vel: [-5, 1, -3, 7]
pos: [25, -21, 9, -5] vel: [-8, 4, -4, 8]
pos: [14, -14, 4, 4] vel: [-11, 7, -5, 9]
pos: [0, -4, -1, 13] vel: [-14, 10, -5, 9]
pos: [-15, 9, -5, 19] vel: [-15, 13, -4, 6]
pos: [-27, 21, -8, 22] vel: [-12, 12, -3, 3]
pos: [-36, 32, -10, 22] vel: [-9, 11, -2, 0]
pos: [-42, 40, -11, 21] vel: [-6, 8, -1, -1]
pos: [-45, 45, -11, 19] vel: [-3, 5, 0, -2]
pos: [-45, 47, -10, 16] vel: [0, 2, 1, -3]
pos: [-42, 46, -8, 12] vel: [3, -1, 2, -4]
pos: [-36, 42, -5, 7] vel: [6, -4, 3, -5]
pos: [-27, 35, -1, 1] vel: [9, -7, 4, -6]
pos: [-15, 25, 4, -6] vel: [12, -10, 5, -7]
pos: [0, 12, 8, -12] vel: [15, -13, 4, -6]
pos: [16, -4, 11, -15] vel: [16, -16, 3, -3]
pos: [29, -19, 13, -15] vel: [13, -15, 2, 0]
pos: [39, -31, 14, -14] vel: [10, -12, 1, 1]
pos: [46, -40, 14, -12] vel: [7, -9, 0, 2]
pos: [50, -46, 13, -9] vel: [4, -6, -1, 3]
pos: [51, -49, 11, -5] vel: [1, -3, -2, 4]
pos: [49, -49, 8, 0] vel: [-2, 0, -3, 5]
pos: [44, -46, 4, 6] vel: [-5, 3, -4, 6]
pos: [36, -40, 1, 11] vel: [-8, 6, -3, 5]
pos: [25, -31, -1, 15] vel: [-11, 9, -2, 4]
pos: [11, -19, -2, 18] vel: [-14, 12, -1, 3]
pos: [-4, -4, -2, 18] vel: [-15, 15, 0, 0]
pos: [-17, 13, -3, 15] vel: [-13, 17, -1, -3]
pos: [-27, 29, -3, 9] vel: [-10, 16, 0, -6]
pos: [-34, 42, -2, 2] vel: [-7, 13, 1, -7]
pos: [-38, 52, 0, -6] vel: [-4, 10, 2, -8]
pos: [-39, 59, 1, -13] vel: [-1, 7, 1, -7]
pos: [-37, 63, 1, -19] vel: [2, 4, 0, -6]
pos: [-32, 64, 0, -24] vel: [5, 1, -1, -5]
pos: [-24, 62, -2, -28] vel: [8, -2, -2, -4]
pos: [-15, 57, -5, -29] vel: [9, -5, -3, -1]
pos: [-5, 49, -9, -27] vel: [10, -8, -4, 2]
pos: [4, 38, -12, -22] vel: [9, -11, -3, 5]
pos: [12, 24, -14, -14] vel: [8, -14, -2, 8]
pos: [19, 7, -14, -4] vel: [7, -17, 0, 10]
pos: [23, -11, -11, 7] vel: [4, -18, 3, 11]
pos: [24, -27, -6, 17] vel: [1, -16, 5, 10]
pos: [22, -40, 0, 26] vel: [-2, -13, 6, 9]
pos: [19, -50, 7, 32] vel: [-3, -10, 7, 6]
pos: [15, -57, 15, 35] vel: [-4, -7, 8, 3]
pos: [11, -61, 23, 35] vel: [-4, -4, 8, 0]
pos: [8, -62, 30, 32] vel: [-3, -1, 7, -3]
pos: [6, -60, 36, 26] vel: [-2, 2, 6, -6]
pos: [5, -55, 39, 19] vel: [-1, 5, 3, -7]
pos: [5, -47, 39, 11] vel: [0, 8, 0, -8]
pos: [6, -36, 36, 2] vel: [1, 11, -3, -9]
pos: [6, -22, 30, -6] vel: [0, 14, -6, -8]
pos: [5, -5, 21, -13] vel: [-1, 17, -9, -7]
pos: [3, 13, 9, -17] vel: [-2, 18, -12, -4]
pos: [2, 28, -4, -18] vel: [-1, 15, -13, -1]
pos: [0, 40, -16, -16] vel: [-2, 12, -12, 2]
pos: [-3, 49, -26, -12] vel: [-3, 9, -10, 4]
pos: [-7, 55, -33, -7] vel: [-4, 6, -7, 5]
pos: [-11, 58, -37, -2] vel: [-4, 3, -4, 5]
pos: [-14, 58, -38, 2] vel: [-3, 0, -1, 4]
pos: [-16, 55, -36, 5] vel: [-2, -3, 2, 3]
pos: [-17, 49, -31, 7] vel: [-1, -6, 5, 2]
pos: [-17, 40, -23, 8] vel: [0, -9, 8, 1]
pos: [-16, 28, -12, 8] vel: [1, -12, 11, 0]
pos: [-12, 13, 0, 7] vel: [4, -15, 12, -1]
pos: [-5, -5, 13, 5] vel: [7, -18, 13, -2]
pos: [4, -21, 23, 2] vel: [9, -16, 10, -3]
pos: [12, -34, 30, 0] vel: [8, -13, 7, -2]
pos: [19, -44, 34, -1] vel: [7, -10, 4, -1]
pos: [25, -51, 35, -1] vel: [6, -7, 1, 0]
pos: [30, -55, 33, 0] vel: [5, -4, -2, 1]
pos: [34, -56, 28, 2] vel: [4, -1, -5, 2]
pos: [35, -54, 22, 5] vel: [1, 2, -6, 3]
pos: [33, -49, 15, 9] vel: [-2, 5, -7, 4]
pos: [28, -41, 7, 14] vel: [-5, 8, -8, 5]
pos: [20, -30, 0, 18] vel: [-8, 11, -7, 4]
pos: [9, -16, -6, 21] vel: [-11, 14, -6, 3]
pos: [-3, 1, -11, 21] vel: [-12, 17, -5, 0]
pos: [-14, 17, -13, 18] vel: [-11, 16, -2, -3]
pos: [-22, 32, -14, 12] vel: [-8, 15, -1, -6]
pos: [-27, 44, -14, 5] vel: [-5, 12, 0, -7]
pos: [-29, 53, -13, -3] vel: [-2, 9, 1, -8]
pos: [-28, 59, -11, -12] vel: [1, 6, 2, -9]
pos: [-24, 62, -10, -20] vel: [4, 3, 1, -8]
pos: [-17, 62, -10, -27] vel: [7, 0, 0, -7]
pos: [-9, 59, -11, -31] vel: [8, -3, -1, -4]
pos: [-2, 53, -11, -32] vel: [7, -6, 0, -1]
pos: [4, 44, -10, -30] vel: [6, -9, 1, 2]
pos: [9, 32, -8, -25] vel: [5, -12, 2, 5]
pos: [13, 17, -5, -17] vel: [4, -15, 3, 8]
pos: [16, -1, -1, -6] vel: [3, -18, 4, 11]
pos: [16, -19, 3, 8] vel: [0, -18, 4, 14]
pos: [13, -34, 8, 21] vel: [-3, -15, 5, 13]
pos: [9, -46, 14, 31] vel: [-4, -12, 6, 10]
pos: [6, -55, 19, 38] vel: [-3, -9, 5, 7]
pos: [4, -61, 23, 42] vel: [-2, -6, 4, 4]
pos: [3, -64, 26, 43] vel: [-1, -3, 3, 1]
pos: [3, -64, 28, 41] vel: [0, 0, 2, -2]
pos: [4, -61, 29, 36] vel: [1, 3, 1, -5]
pos: [6, -55, 29, 28] vel: [2, 6, 0, -8]
pos: [9, -46, 26, 19] vel: [3, 9, -3, -9]
pos: [13, -34, 20, 9] vel: [4, 12, -6, -10]
pos: [16, -19, 11, 0] vel: [3, 15, -9, -9]
pos: [16, -1, 1, -8] vel: [0, 18, -10, -8]
pos: [13, 18, -10, -13] vel: [-3, 19, -11, -5]
pos: [9, 34, -20, -15] vel: [-4, 16, -10, -2]
pos: [4, 47, -27, -16] vel: [-5, 13, -7, -1]
pos: [-2, 57, -31, -16] vel: [-6, 10, -4, 0]
pos: [-9, 64, -32, -15] vel: [-7, 7, -1, 1]
pos: [-17, 68, -30, -13] vel: [-8, 4, 2, 2]
pos: [-24, 69, -25, -12] vel: [-7, 1, 5, 1]
pos: [-30, 67, -17, -12] vel: [-6, -2, 8, 0]
pos: [-33, 62, -8, -13] vel: [-3, -5, 9, -1]
pos: [-33, 54, 0, -13] vel: [0, -8, 8, 0]
pos: [-30, 43, 7, -12] vel: [3, -11, 7, 1]
pos: [-24, 29, 13, -10] vel: [6, -14, 6, 2]
pos: [-15, 12, 18, -7] vel: [9, -17, 5, 3]
pos: [-3, -6, 20, -3] vel: [12, -18, 2, 4]
pos: [9, -21, 19, 1] vel: [12, -15, -1, 4]
pos: [20, -33, 15, 6] vel: [11, -12, -4, 5]
pos: [28, -42, 10, 12] vel: [8, -9, -5, 6]
pos: [33, -48, 6, 17] vel: [5, -6, -4, 5]
pos: [35, -51, 3, 21] vel: [2, -3, -3, 4]
pos: [34, -51, 1, 24] vel: [-1, 0, -2, 3]
pos: [30, -48, 0, 26] vel: [-4, 3, -1, 2]
pos: [23, -42, 0, 27] vel: [-7, 6, 0, 1]
pos: [15, -33, 1, 25] vel: [-8, 9, 1, -2]
pos: [6, -21, 3, 20] vel: [-9, 12, 2, -5]
pos: [-4, -6, 6, 12] vel: [-10, 15, 3, -8]
pos: [-13, 12, 8, 1] vel: [-9, 18, 2, -11]
pos: [-19, 27, 9, -9] vel: [-6, 15, 1, -10]
pos: [-22, 39, 9, -18] vel: [-3, 12, 0, -9]
pos: [-22, 48, 8, -26] vel: [0, 9, -1, -8]
pos: [-21, 54, 6, -31] vel: [1, 6, -2, -5]
pos: [-19, 57, 3, -33] vel: [2, 3, -3, -2]
pos: [-16, 57, -1, -32] vel: [3, 0, -4, 1]
pos: [-12, 54, -6, -28] vel: [4, -3, -5, 4]
pos: [-7, 48, -12, -21] vel: [5, -6, -6, 7]
pos: [-3, 39, -17, -11] vel: [4, -9, -5, 10]
pos: [0, 27, -19, 0] vel: [3, -12, -2, 11]
pos: [3, 12, -18, 11] vel: [3, -15, 1, 11]
pos: [7, -6, -14, 21] vel: [4, -18, 4, 10]
pos: [10, -23, -7, 28] vel: [3, -17, 7, 7]
pos: [12, -37, 1, 32] vel: [2, -14, 8, 4]
pos: [13, -48, 10, 33] vel: [1, -11, 9, 1]
pos: [13, -56, 20, 31] vel: [0, -8, 10, -2]
pos: [14, -61, 29, 26] vel: [1, -5, 9, -5]
pos: [16, -63, 35, 20] vel: [2, -2, 6, -6]
pos: [19, -62, 38, 13] vel: [3, 1, 3, -7]
pos: [21, -58, 38, 7] vel: [2, 4, 0, -6]
pos: [22, -51, 35, 2] vel: [1, 7, -3, -5]
pos: [22, -41, 29, -2] vel: [0, 10, -6, -4]
pos: [21, -28, 20, -5] vel: [-1, 13, -9, -3]
pos: [17, -12, 10, -7] vel: [-4, 16, -10, -2]
pos: [10, 7, -1, -8] vel: [-7, 19, -11, -1]
pos: [0, 25, -11, -6] vel: [-10, 18, -10, 2]
pos: [-11, 40, -18, -3] vel: [-11, 15, -7, 3]
pos: [-21, 52, -22, -1] vel: [-10, 12, -4, 2]
pos: [-30, 61, -23, 0] vel: [-9, 9, -1, 1]
pos: [-36, 67, -23, 0] vel: [-6, 6, 0, 0]
pos: [-39, 70, -22, -1] vel: [-3, 3, 1, -1]
pos: [-39, 70, -20, -3] vel: [0, 0, 2, -2]
pos: [-36, 67, -17, -6] vel: [3, -3, 3, -3]
pos: [-30, 61, -13, -10] vel: [6, -6, 4, -4]
pos: [-21, 52, -8, -15] vel: [9, -9, 5, -5]
pos: [-9, 40, -4, -19] vel: [12, -12, 4, -4]
pos: [4, 25, -1, -20] vel: [13, -15, 3, -1]
pos: [16, 7, 3, -18] vel: [12, -18, 4, 2]
pos: [25, -12, 8, -13] vel: [9, -19, 5, 5]
pos: [31, -30, 12, -5] vel: [6, -18, 4, 8]
pos: [34, -45, 15, 4] vel: [3, -15, 3, 9]
pos: [34, -57, 17, 14] vel: [0, -12, 2, 10]
pos: [31, -66, 18, 25] vel: [-3, -9, 1, 11]
pos: [25, -72, 20, 35] vel: [-6, -6, 2, 10]
pos: [18, -75, 23, 42] vel: [-7, -3, 3, 7]
pos: [12, -75, 25, 46] vel: [-6, 0, 2, 4]
pos: [7, -72, 26, 47] vel: [-5, 3, 1, 1]
pos: [3, -66, 26, 45] vel: [-4, 6, 0, -2]
pos: [0, -57, 25, 40] vel: [-3, 9, -1, -5]
pos: [-2, -45, 23, 32] vel: [-2, 12, -2, -8]
pos: [-3, -30, 20, 21] vel: [-1, 15, -3, -11]
pos: [-3, -12, 16, 7] vel: [0, 18, -4, -14]
pos: [-2, 9, 9, -8] vel: [1, 21, -7, -15]
pos: [0, 28, 0, -20] vel: [2, 19, -9, -12]
pos: [2, 44, -9, -29] vel: [2, 16, -9, -9]
pos: [3, 57, -17, -35] vel: [1, 13, -8, -6]
pos: [3, 67, -24, -38] vel: [0, 10, -7, -3]
pos: [2, 74, -30, -38] vel: [-1, 7, -6, 0]
pos: [0, 78, -35, -35] vel: [-2, 4, -5, 3]
pos: [-3, 79, -38, -30] vel: [-3, 1, -3, 5]
pos: [-7, 77, -38, -24] vel: [-4, -2, 0, 6]
pos: [-12, 72, -35, -17] vel: [-5, -5, 3, 7]
pos: [-18, 64, -29, -9] vel: [-6, -8, 6, 8]
pos: [-23, 53, -20, -2] vel: [-5, -11, 9, 7]
pos: [-25, 39, -10, 4] vel: [-2, -14, 10, 6]
pos: [-24, 22, 1, 9] vel: [1, -17, 11, 5]
pos: [-20, 2, 13, 13] vel: [4, -20, 12, 4]
pos: [-13, -17, 23, 15] vel: [7, -19, 10, 2]
pos: [-5, -33, 30, 16] vel: [8, -16, 7, 1]
pos: [4, -46, 34, 16] vel: [9, -13, 4, 0]
pos: [14, -56, 35, 15] vel: [10, -10, 1, -1]
pos: [25, -63, 33, 13] vel: [11, -7, -2, -2]
pos: [35, -67, 28, 12] vel: [10, -4, -5, -1]
pos: [42, -68, 22, 12] vel: [7, -1, -6, 0]
pos: [46, -66, 15, 13] vel: [4, 2, -7, 1]
pos: [47, -61, 7, 15] vel: [1, 5, -8, 2]
pos: [45, -53, 0, 16] vel: [-2, 8, -7, 1]
pos: [40, -42, -6, 16] vel: [-5, 11, -6, 0]
pos: [32, -28, -11, 15] vel: [-8, 14, -5, -1]
pos: [21, -11, -15, 13] vel: [-11, 17, -4, -2]
pos: [7, 7, -16, 10] vel: [-14, 18, -1, -3]
pos: [-7, 25, -14, 4] vel: [-14, 18, 2, -6]
pos: [-20, 40, -9, -3] vel: [-13, 15, 5, -7]
pos: [-30, 52, -3, -11] vel: [-10, 12, 6, -8]
pos: [-37, 61, 2, -18] vel: [-7, 9, 5, -7]
pos: [-41, 67, 6, -24] vel: [-4, 6, 4, -6]
pos: [-42, 70, 9, -29] vel: [-1, 3, 3, -5]
pos: [-40, 70, 11, -33] vel: [2, 0, 2, -4]
pos: [-35, 67, 12, -36] vel: [5, -3, 1, -3]
pos: [-29, 61, 12, -36] vel: [6, -6, 0, 0]
pos: [-22, 52, 11, -33] vel: [7, -9, -1, 3]
pos: [-14, 40, 9, -27] vel: [8, -12, -2, 6]
pos: [-5, 25, 6, -18] vel: [9, -15, -3, 9]
pos: [5, 7, 2, -6] vel: [10, -18, -4, 12]
pos: [14, -14, -1, 9] vel: [9, -21, -3, 15]
pos: [20, -32, -3, 23] vel: [6, -18, -2, 14]
pos: [25, -47, -4, 34] vel: [5, -15, -1, 11]
pos: [29, -59, -4, 42] vel: [4, -12, 0, 8]
pos: [32, -68, -3, 47] vel: [3, -9, 1, 5]
pos: [34, -74, -1, 49] vel: [2, -6, 2, 2]
pos: [35, -77, 2, 48] vel: [1, -3, 3, -1]
pos: [35, -77, 6, 44] vel: [0, 0, 4, -4]
pos: [34, -74, 11, 37] vel: [-1, 3, 5, -7]
pos: [32, -68, 17, 27] vel: [-2, 6, 6, -10]
pos: [27, -59, 24, 16] vel: [-5, 9, 7, -11]
pos: [19, -47, 30, 6] vel: [-8, 12, 6, -10]
pos: [10, -32, 33, -3] vel: [-9, 15, 3, -9]
pos: [0, -14, 33, -11] vel: [-10, 18, 0, -8]
pos: [-11, 7, 30, -18] vel: [-11, 21, -3, -7]
pos: [-21, 27, 24, -22] vel: [-10, 20, -6, -4]
pos: [-30, 44, 17, -23] vel: [-9, 17, -7, -1]
pos: [-36, 58, 9, -23] vel: [-6, 14, -8, 0]
pos: [-39, 69, 0, -22] vel: [-3, 11, -9, 1]
pos: [-39, 77, -10, -20] vel: [0, 8, -10, 2]
pos: [-36, 82, -21, -17] vel: [3, 5, -11, 3]
pos: [-30, 84, -31, -15] vel: [6, 2, -10, 2]
pos: [-23, 83, -38, -14] vel: [7, -1, -7, 1]
pos: [-15, 79, -42, -14] vel: [8, -4, -4, 0]
pos: [-6, 72, -43, -15] vel: [9, -7, -1, -1]
pos: [2, 62, -41, -15] vel: [8, -10, 2, 0]
pos: [9, 49, -36, -14] vel: [7, -13, 5, 1]
pos: [15, 33, -28, -12] vel: [6, -16, 8, 2]
pos: [20, 14, -17, -9] vel: [5, -19, 11, 3]
pos: [22, -6, -3, -5] vel: [2, -20, 14, 4]
pos: [21, -23, 10, 0] vel: [-1, -17, 13, 5]
pos: [17, -37, 22, 6] vel: [-4, -14, 12, 6]
pos: [12, -48, 31, 13] vel: [-5, -11, 9, 7]
pos: [8, -56, 37, 19] vel: [-4, -8, 6, 6]
pos: [5, -61, 40, 24] vel: [-3, -5, 3, 5]
pos: [3, -63, 40, 28] vel: [-2, -2, 0, 4]
pos: [2, -62, 37, 31] vel: [-1, 1, -3, 3]
pos: [2, -58, 31, 33] vel: [0, 4, -6, 2]
pos: [3, -51, 24, 32] vel: [1, 7, -7, -1]
pos: [5, -41, 16, 28] vel: [2, 10, -8, -4]
pos: [8, -28, 7, 21] vel: [3, 13, -9, -7]
pos: [10, -12, -1, 11] vel: [2, 16, -8, -10]
pos: [11, 7, -8, -2] vel: [1, 19, -7, -13]
pos: [9, 25, -12, -14] vel: [-2, 18, -4, -12]
pos: [6, 40, -15, -23] vel: [-3, 15, -3, -9]
pos: [2, 52, -17, -29] vel: [-4, 12, -2, -6]
pos: [-3, 61, -18, -32] vel: [-5, 9, -1, -3]
pos: [-9, 67, -18, -32] vel: [-6, 6, 0, 0]
pos: [-16, 70, -17, -29] vel: [-7, 3, 1, 3]
pos: [-24, 70, -15, -23] vel: [-8, 0, 2, 6]
pos: [-29, 67, -14, -16] vel: [-5, -3, 1, 7]
pos: [-31, 61, -14, -8] vel: [-2, -6, 0, 8]
pos: [-30, 52, -13, -1] vel: [1, -9, 1, 7]
pos: [-26, 40, -11, 5] vel: [4, -12, 2, 6]
pos: [-19, 25, -8, 10] vel: [7, -15, 3, 5]
pos: [-9, 7, -4, 14] vel: [10, -18, 4, 4]
pos: [4, -12, 1, 15] vel: [13, -19, 5, 1]
pos: [16, -28, 7, 13] vel: [12, -16, 6, -2]
pos: [25, -41, 14, 10] vel: [9, -13, 7, -3]
pos: [31, -51, 20, 8] vel: [6, -10, 6, -2]
pos: [34, -58, 25, 7] vel: [3, -7, 5, -1]
pos: [34, -62, 29, 7] vel: [0, -4, 4, 0]
pos: [31, -63, 32, 8] vel: [-3, -1, 3, 1]
pos: [27, -61, 32, 10] vel: [-4, 2, 0, 2]
pos: [22, -56, 29, 13] vel: [-5, 5, -3, 3]
pos: [16, -48, 23, 17] vel: [-6, 8, -6, 4]
pos: [11, -37, 14, 20] vel: [-5, 11, -9, 3]
pos: [7, -23, 4, 20] vel: [-4, 14, -10, 0]
pos: [2, -6, -5, 17] vel: [-5, 17, -9, -3]
pos: [-4, 14, -13, 11] vel: [-6, 20, -8, -6]
pos: [-9, 31, -18, 4] vel: [-5, 17, -5, -7]
pos: [-13, 45, -20, -4] vel: [-4, 14, -2, -8]
pos: [-16, 56, -19, -13] vel: [-3, 11, 1, -9]
pos: [-18, 64, -15, -23] vel: [-2, 8, 4, -10]
pos: [-19, 69, -12, -30] vel: [-1, 5, 3, -7]
pos: [-19, 71, -10, -34] vel: [0, 2, 2, -4]
pos: [-18, 70, -9, -35] vel: [1, -1, 1, -1]
pos: [-16, 66, -9, -33] vel: [2, -4, 0, 2]
pos: [-13, 59, -10, -28] vel: [3, -7, -1, 5]
pos: [-9, 49, -12, -20] vel: [4, -10, -2, 8]
pos: [-6, 36, -13, -9] vel: [3, -13, -1, 11]
pos: [-4, 20, -11, 3] vel: [2, -16, 2, 12]
pos: [-1, 1, -6, 14] vel: [3, -19, 5, 11]
pos: [3, -19, 2, 22] vel: [4, -20, 8, 8]
pos: [6, -36, 11, 27] vel: [3, -17, 9, 5]
pos: [10, -50, 19, 29] vel: [4, -14, 8, 2]
pos: [15, -61, 26, 28] vel: [5, -11, 7, -1]
pos: [21, -69, 32, 24] vel: [6, -8, 6, -4]
pos: [28, -74, 35, 19] vel: [7, -5, 3, -5]
pos: [34, -76, 35, 15] vel: [6, -2, 0, -4]
pos: [39, -75, 32, 12] vel: [5, 1, -3, -3]
pos: [41, -71, 28, 10] vel: [2, 4, -4, -2]
pos: [40, -64, 23, 9] vel: [-1, 7, -5, -1]
pos: [36, -54, 17, 9] vel: [-4, 10, -6, 0]
pos: [29, -41, 10, 10] vel: [-7, 13, -7, 1]
pos: [19, -25, 3, 11] vel: [-10, 16, -7, 1]
pos: [6, -6, -3, 11] vel: [-13, 19, -6, 0]
pos: [-8, 16, -8, 8] vel: [-14, 22, -5, -3]
pos: [-20, 35, -11, 4] vel: [-12, 19, -3, -4]
pos: [-29, 51, -13, -1] vel: [-9, 16, -2, -5]
pos: [-35, 64, -14, -7] vel: [-6, 13, -1, -6]
pos: [-38, 74, -14, -14] vel: [-3, 10, 0, -7]
pos: [-38, 81, -14, -21] vel: [0, 7, 0, -7]
pos: [-35, 85, -15, -27] vel: [3, 4, -1, -6]
pos: [-29, 86, -17, -32] vel: [6, 1, -2, -5]
pos: [-22, 84, -20, -34] vel: [7, -2, -3, -2]
pos: [-14, 79, -24, -33] vel: [8, -5, -4, 1]
pos: [-7, 71, -27, -29] vel: [7, -8, -3, 4]
pos: [-1, 60, -29, -22] vel: [6, -11, -2, 7]
pos: [4, 46, -28, -14] vel: [5, -14, 1, 8]
pos: [8, 29, -24, -5] vel: [4, -17, 4, 9]
pos: [11, 9, -17, 5] vel: [3, -20, 7, 10]
pos: [11, -12, -7, 16] vel: [0, -21, 10, 11]
pos: [10, -30, 4, 24] vel: [-1, -18, 11, 8]
pos: [8, -45, 16, 29] vel: [-2, -15, 12, 5]
pos: [7, -57, 27, 31] vel: [-1, -12, 11, 2]
pos: [7, -66, 37, 30] vel: [0, -9, 10, -1]
pos: [8, -72, 44, 28] vel: [1, -6, 7, -2]
pos: [10, -75, 48, 25] vel: [2, -3, 4, -3]
pos: [13, -75, 49, 21] vel: [3, 0, 1, -4]
pos: [17, -72, 47, 16] vel: [4, 3, -2, -5]
pos: [20, -66, 42, 12] vel: [3, 6, -5, -4]
pos: [22, -57, 34, 9] vel: [2, 9, -8, -3]
pos: [23, -45, 23, 7] vel: [1, 12, -11, -2]
pos: [22, -30, 10, 6] vel: [-1, 15, -13, -1]
pos: [18, -12, -4, 6] vel: [-4, 18, -14, 0]
pos: [11, 9, -17, 5] vel: [-7, 21, -13, -1]
pos: [1, 29, -27, 5] vel: [-10, 20, -10, 0]
pos: [-8, 46, -34, 4] vel: [-9, 17, -7, -1]
pos: [-16, 60, -38, 2] vel: [-8, 14, -4, -2]
pos: [-23, 71, -39, -1] vel: [-7, 11, -1, -3]
pos: [-29, 79, -37, -5] vel: [-6, 8, 2, -4]
pos: [-34, 84, -32, -10] vel: [-5, 5, 5, -5]
pos: [-36, 86, -26, -16] vel: [-2, 2, 6, -6]
pos: [-35, 85, -19, -23] vel: [1, -1, 7, -7]
pos: [-31, 81, -13, -29] vel: [4, -4, 6, -6]
pos: [-24, 74, -8, -34] vel: [7, -7, 5, -5]
pos: [-16, 64, -4, -36] vel: [8, -10, 4, -2]
pos: [-7, 51, -1, -35] vel: [9, -13, 3, 1]
pos: [3, 35, 1, -31] vel: [10, -16, 2, 4]
pos: [12, 16, 4, -24] vel: [9, -19, 3, 7]
pos: [20, -6, 8, -14] vel: [8, -22, 4, 10]
pos: [25, -27, 11, -1] vel: [5, -21, 3, 13]
pos: [27, -45, 13, 13] vel: [2, -18, 2, 14]
pos: [26, -60, 15, 27] vel: [-1, -15, 2, 14]
pos: [24, -72, 18, 38] vel: [-2, -12, 3, 11]
pos: [21, -81, 22, 46] vel: [-3, -9, 4, 8]
pos: [19, -87, 25, 51] vel: [-2, -6, 3, 5]
pos: [18, -90, 27, 53] vel: [-1, -3, 2, 2]
pos: [18, -90, 28, 52] vel: [0, 0, 1, -1]
pos: [19, -87, 28, 48] vel: [1, 3, 0, -4]
pos: [21, -81, 27, 41] vel: [2, 6, -1, -7]
pos: [24, -72, 25, 31] vel: [3, 9, -2, -10]
pos: [28, -60, 22, 18] vel: [4, 12, -3, -13]
pos: [29, -45, 18, 6] vel: [1, 15, -4, -12]
pos: [27, -27, 13, -5] vel: [-2, 18, -5, -11]
pos: [22, -6, 7, -15] vel: [-5, 21, -6, -10]
pos: [14, 16, 0, -22] vel: [-8, 22, -7, -7]
pos: [5, 35, -6, -26] vel: [-9, 19, -6, -4]
pos: [-5, 51, -11, -27] vel: [-10, 16, -5, -1]
pos: [-16, 64, -15, -25] vel: [-11, 13, -4, 2]
pos: [-26, 74, -20, -20] vel: [-10, 10, -5, 5]
pos: [-33, 81, -25, -15] vel: [-7, 7, -5, 5]
pos: [-37, 85, -29, -11] vel: [-4, 4, -4, 4]
pos: [-38, 86, -32, -8] vel: [-1, 1, -3, 3]
pos: [-36, 84, -34, -6] vel: [2, -2, -2, 2]
pos: [-31, 79, -35, -5] vel: [5, -5, -1, 1]
pos: [-25, 71, -33, -5] vel: [6, -8, 2, 0]
pos: [-18, 60, -28, -6] vel: [7, -11, 5, -1]
pos: [-10, 46, -20, -8] vel: [8, -14, 8, -2]
pos: [-1, 29, -9, -11] vel: [9, -17, 11, -3]
pos: [7, 9, 3, -11] vel: [8, -20, 12, 0]
pos: [14, -14, 16, -8] vel: [7, -23, 13, 3]
pos: [20, -34, 26, -4] vel: [6, -20, 10, 4]
pos: [25, -51, 33, 1] vel: [5, -17, 7, 5]
pos: [29, -65, 37, 7] vel: [4, -14, 4, 6]
pos: [32, -76, 38, 14] vel: [3, -11, 1, 7]
pos: [34, -84, 36, 22] vel: [2, -8, -2, 8]
pos: [35, -89, 31, 31] vel: [1, -5, -5, 9]
pos: [33, -91, 26, 40] vel: [-2, -2, -5, 9]
pos: [30, -90, 22, 46] vel: [-3, 1, -4, 6]
pos: [26, -86, 19, 49] vel: [-4, 4, -3, 3]
pos: [21, -79, 17, 49] vel: [-5, 7, -2, 0]
pos: [15, -69, 16, 46] vel: [-6, 10, -1, -3]
pos: [10, -56, 14, 40] vel: [-5, 13, -2, -6]
pos: [6, -40, 11, 31] vel: [-4, 16, -3, -9]
pos: [3, -21, 7, 19] vel: [-3, 19, -4, -12]
pos: [1, 1, 2, 4] vel: [-2, 22, -5, -15]
pos: [1, 25, -4, -14] vel: [0, 24, -6, -18]
pos: [0, 46, -9, -29] vel: [-1, 21, -5, -15]
pos: [-2, 64, -13, -41] vel: [-2, 18, -4, -12]
pos: [-5, 79, -16, -50] vel: [-3, 15, -3, -9]
pos: [-9, 91, -18, -56] vel: [-4, 12, -2, -6]
pos: [-14, 100, -19, -59] vel: [-5, 9, -1, -3]
pos: [-20, 106, -19, -59] vel: [-6, 6, 0, 0]
pos: [-25, 109, -20, -56] vel: [-5, 3, -1, 3]
pos: [-29, 109, -22, -50] vel: [-4, 0, -2, 6]
pos: [-32, 106, -25, -41] vel: [-3, -3, -3, 9]
pos: [-34, 100, -29, -29] vel: [-2, -6, -4, 12]
pos: [-33, 91, -33, -17] vel: [1, -9, -4, 12]
pos: [-30, 79, -35, -6] vel: [3, -12, -2, 11]
pos: [-26, 64, -34, 4] vel: [4, -15, 1, 10]
pos: [-21, 46, -30, 13] vel: [5, -18, 4, 9]
pos: [-15, 25, -23, 21] vel: [6, -21, 7, 8]
pos: [-8, 1, -13, 28] vel: [7, -24, 10, 7]
pos: [0, -24, 0, 32] vel: [8, -25, 13, 4]
pos: [8, -46, 13, 33] vel: [8, -22, 13, 1]
pos: [17, -65, 25, 31] vel: [9, -19, 12, -2]
pos: [27, -81, 36, 26] vel: [10, -16, 11, -5]
pos: [36, -94, 44, 22] vel: [9, -13, 8, -4]
pos: [44, -104, 49, 19] vel: [8, -10, 5, -3]
pos: [51, -111, 51, 17] vel: [7, -7, 2, -2]
pos: [56, -115, 51, 16] vel: [5, -4, 0, -1]
pos: [58, -116, 50, 16] vel: [2, -1, -1, 0]
pos: [57, -114, 48, 17] vel: [-1, 2, -2, 1]
pos: [53, -109, 45, 19] vel: [-4, 5, -3, 2]
pos: [46, -101, 41, 22] vel: [-7, 8, -4, 3]
pos: [36, -90, 36, 26] vel: [-10, 11, -5, 4]
pos: [24, -76, 29, 31] vel: [-12, 14, -7, 5]
pos: [13, -59, 21, 33] vel: [-11, 17, -8, 2]
pos: [3, -39, 12, 32] vel: [-10, 20, -9, -1]
pos: [-6, -16, 2, 28] vel: [-9, 23, -10, -4]
pos: [-14, 10, -9, 21] vel: [-8, 26, -11, -7]
pos: [-19, 35, -19, 11] vel: [-5, 25, -10, -10]
pos: [-22, 57, -27, 0] vel: [-3, 22, -8, -11]
pos: [-24, 76, -32, -12] vel: [-2, 19, -5, -12]
pos: [-25, 92, -34, -25] vel: [-1, 16, -2, -13]
pos: [-26, 105, -33, -38] vel: [-1, 13, 1, -13]
pos: [-28, 115, -31, -48] vel: [-2, 10, 2, -10]
pos: [-31, 122, -28, -55] vel: [-3, 7, 3, -7]
pos: [-33, 126, -26, -59] vel: [-2, 4, 2, -4]
pos: [-34, 127, -25, -60] vel: [-1, 1, 1, -1]
pos: [-34, 125, -25, -58] vel: [0, -2, 0, 2]
pos: [-33, 120, -26, -53] vel: [1, -5, -1, 5]
pos: [-31, 112, -28, -45] vel: [2, -8, -2, 8]
pos: [-28, 101, -31, -34] vel: [3, -11, -3, 11]
pos: [-26, 87, -33, -20] vel: [2, -14, -2, 14]
pos: [-23, 70, -32, -7] vel: [3, -17, 1, 13]
pos: [-19, 50, -28, 5] vel: [4, -20, 4, 12]
pos: [-14, 27, -21, 16] vel: [5, -23, 7, 11]
pos: [-8, 1, -11, 26] vel: [6, -26, 10, 10]
pos: [-1, -26, 2, 33] vel: [7, -27, 13, 7]
pos: [7, -50, 14, 37] vel: [8, -24, 12, 4]
pos: [16, -71, 25, 38] vel: [9, -21, 11, 1]
pos: [26, -89, 35, 36] vel: [10, -18, 10, -2]
pos: [37, -104, 44, 31] vel: [11, -15, 9, -5]
pos: [47, -116, 50, 27] vel: [10, -12, 6, -4]
pos: [56, -125, 53, 24] vel: [9, -9, 3, -3]
pos: [62, -131, 55, 22] vel: [6, -6, 2, -2]
pos: [65, -134, 56, 21] vel: [3, -3, 1, -1]
pos: [65, -134, 56, 21] vel: [0, 0, 0, 0]
pos: [62, -131, 55, 22] vel: [-3, 3, -1, 1]
pos: [56, -125, 53, 24] vel: [-6, 6, -2, 2]
pos: [47, -116, 50, 27] vel: [-9, 9, -3, 3]
pos: [37, -104, 44, 31] vel: [-10, 12, -6, 4]
pos: [26, -89, 35, 36] vel: [-11, 15, -9, 5]
pos: [16, -71, 25, 38] vel: [-10, 18, -10, 2]
pos: [7, -50, 14, 37] vel: [-9, 21, -11, -1]
pos: [-1, -26, 2, 33] vel: [-8, 24, -12, -4]
pos: [-8, 1, -11, 26] vel: [-7, 27, -13, -7]
pos: [-14, 27, -21, 16] vel: [-6, 26, -10, -10]
pos: [-19, 50, -28, 5] vel: [-5, 23, -7, -11]
pos: [-23, 70, -32, -7] vel: [-4, 20, -4, -12]
pos: [-26, 87, -33, -20] vel: [-3, 17, -1, -13]
pos: [-28, 101, -31, -34] vel: [-2, 14, 2, -14]
pos: [-31, 112, -28, -45] vel: [-3, 11, 3, -11]
pos: [-33, 120, -26, -53] vel: [-2, 8, 2, -8]
pos: [-34, 125, -25, -58] vel: [-1, 5, 1, -5]
pos: [-34, 127, -25, -60] vel: [0, 2, 0, -2]
pos: [-33, 126, -26, -59] vel: [1, -1, -1, 1]
pos: [-31, 122, -28, -55] vel: [2, -4, -2, 4]
pos: [-28, 115, -31, -48] vel: [3, -7, -3, 7]
pos: [-26, 105, -33, -38] vel: [2, -10, -2, 10]
pos: [-25, 92, -34, -25] vel: [1, -13, -1, 13]
pos: [-24, 76, -32, -12] vel: [1, -16, 2, 13]
pos: [-22, 57, -27, 0] vel: [2, -19, 5, 12]
pos: [-19, 35, -19, 11] vel: [3, -22, 8, 11]
pos: [-14, 10, -9, 21] vel: [5, -25, 10, 10]
pos: [-6, -16, 2, 28] vel: [8, -26, 11, 7]
pos: [3, -39, 12, 32] vel: [9, -23, 10, 4]
pos: [13, -59, 21, 33] vel: [10, -20, 9, 1]
pos: [24, -76, 29, 31] vel: [11, -17, 8, -2]
pos: [36, -90, 36, 26] vel: [12, -14, 7, -5]
pos: [46, -101, 41, 22] vel: [10, -11, 5, -4]
pos: [53, -109, 45, 19] vel: [7, -8, 4, -3]
pos: [57, -114, 48, 17] vel: [4, -5, 3, -2]
pos: [58, -116, 50, 16] vel: [1, -2, 2, -1]
pos: [56, -115, 51, 16] vel: [-2, 1, 1, 0]
pos: [51, -111, 51, 17] vel: [-5, 4, 0, 1]
pos: [44, -104, 49, 19] vel: [-7, 7, -2, 2]
pos: [36, -94, 44, 22] vel: [-8, 10, -5, 3]
pos: [27, -81, 36, 26] vel: [-9, 13, -8, 4]
pos: [17, -65, 25, 31] vel: [-10, 16, -11, 5]
pos: [8, -46, 13, 33] vel: [-9, 19, -12, 2]
pos: [0, -24, 0, 32] vel: [-8, 22, -13, -1]
pos: [-8, 1, -13, 28] vel: [-8, 25, -13, -4]
pos: [-15, 25, -23, 21] vel: [-7, 24, -10, -7]
pos: [-21, 46, -30, 13] vel: [-6, 21, -7, -8]
pos: [-26, 64, -34, 4] vel: [-5, 18, -4, -9]
pos: [-30, 79, -35, -6] vel: [-4, 15, -1, -10]
pos: [-33, 91, -33, -17] vel: [-3, 12, 2, -11]
pos: [-34, 100, -29, -29] vel: [-1, 9, 4, -12]
pos: [-32, 106, -25, -41] vel: [2, 6, 4, -12]
pos: [-29, 109, -22, -50] vel: [3, 3, 3, -9]
pos: [-25, 109, -20, -56] vel: [4, 0, 2, -6]
pos: [-20, 106, -19, -59] vel: [5, -3, 1, -3]
pos: [-14, 100, -19, -59] vel: [6, -6, 0, 0]
pos: [-9, 91, -18, -56] vel: [5, -9, 1, 3]
pos: [-5, 79, -16, -50] vel: [4, -12, 2, 6]
pos: [-2, 64, -13, -41] vel: [3, -15, 3, 9]
pos: [0, 46, -9, -29] vel: [2, -18, 4, 12]
pos: [1, 25, -4, -14] vel: [1, -21, 5, 15]
pos: [1, 1, 2, 4] vel: [0, -24, 6, 18]
pos: [3, -21, 7, 19] vel: [2, -22, 5, 15]
pos: [6, -40, 11, 31] vel: [3, -19, 4, 12]
pos: [10, -56, 14, 40] vel: [4, -16, 3, 9]
pos: [15, -69, 16, 46] vel: [5, -13, 2, 6]
pos: [21, -79, 17, 49] vel: [6, -10, 1, 3]
pos: [26, -86, 19, 49] vel: [5, -7, 2, 0]
pos: [30, -90, 22, 46] vel: [4, -4, 3, -3]
pos: [33, -91, 26, 40] vel: [3, -1, 4, -6]
pos: [35, -89, 31, 31] vel: [2, 2, 5, -9]
pos: [34, -84, 36, 22] vel: [-1, 5, 5, -9]
pos: [32, -76, 38, 14] vel: [-2, 8, 2, -8]
pos: [29, -65, 37, 7] vel: [-3, 11, -1, -7]
pos: [25, -51, 33, 1] vel: [-4, 14, -4, -6]
pos: [20, -34, 26, -4] vel: [-5, 17, -7, -5]
pos: [14, -14, 16, -8] vel: [-6, 20, -10, -4]
pos: [7, 9, 3, -11] vel: [-7, 23, -13, -3]
pos: [-1, 29, -9, -11] vel: [-8, 20, -12, 0]
pos: [-10, 46, -20, -8] vel: [-9, 17, -11, 3]
pos: [-18, 60, -28, -6] vel: [-8, 14, -8, 2]
pos: [-25, 71, -33, -5] vel: [-7, 11, -5, 1]
pos: [-31, 79, -35, -5] vel: [-6, 8, -2, 0]
pos: [-36, 84, -34, -6] vel: [-5, 5, 1, -1]
pos: [-38, 86, -32, -8] vel: [-2, 2, 2, -2]
pos: [-37, 85, -29, -11] vel: [1, -1, 3, -3]
pos: [-33, 81, -25, -15] vel: [4, -4, 4, -4]
pos: [-26, 74, -20, -20] vel: [7, -7, 5, -5]
pos: [-16, 64, -15, -25] vel: [10, -10, 5, -5]
pos: [-5, 51, -11, -27] vel: [11, -13, 4, -2]
pos: [5, 35, -6, -26] vel: [10, -16, 5, 1]
pos: [14, 16, 0, -22] vel: [9, -19, 6, 4]
pos: [22, -6, 7, -15] vel: [8, -22, 7, 7]
pos: [27, -27, 13, -5] vel: [5, -21, 6, 10]
pos: [29, -45, 18, 6] vel: [2, -18, 5, 11]
pos: [28, -60, 22, 18] vel: [-1, -15, 4, 12]
pos: [24, -72, 25, 31] vel: [-4, -12, 3, 13]
pos: [21, -81, 27, 41] vel: [-3, -9, 2, 10]
pos: [19, -87, 28, 48] vel: [-2, -6, 1, 7]
pos: [18, -90, 28, 52] vel: [-1, -3, 0, 4]
pos: [18, -90, 27, 53] vel: [0, 0, -1, 1]
pos: [19, -87, 25, 51] vel: [1, 3, -2, -2]
pos: [21, -81, 22, 46] vel: [2, 6, -3, -5]
pos: [24, -72, 18, 38] vel: [3, 9, -4, -8]
pos: [26, -60, 15, 27] vel: [2, 12, -3, -11]
pos: [27, -45, 13, 13] vel: [1, 15, -2, -14]
pos: [25, -27, 11, -1] vel: [-2, 18, -2, -14]
pos: [20, -6, 8, -14] vel: [-5, 21, -3, -13]
pos: [12, 16, 4, -24] vel: [-8, 22, -4, -10]
pos: [3, 35, 1, -31] vel: [-9, 19, -3, -7]
pos: [-7, 51, -1, -35] vel: [-10, 16, -2, -4]
pos: [-16, 64, -4, -36] vel: [-9, 13, -3, -1]
pos: [-24, 74, -8, -34] vel: [-8, 10, -4, 2]
pos: [-31, 81, -13, -29] vel: [-7, 7, -5, 5]
pos: [-35, 85, -19, -23] vel: [-4, 4, -6, 6]
pos: [-36, 86, -26, -16] vel: [-1, 1, -7, 7]
pos: [-34, 84, -32, -10] vel: [2, -2, -6, 6]
pos: [-29, 79, -37, -5] vel: [5, -5, -5, 5]
pos: [-23, 71, -39, -1] vel: [6, -8, -2, 4]
pos: [-16, 60, -38, 2] vel: [7, -11, 1, 3]
pos: [-8, 46, -34, 4] vel: [8, -14, 4, 2]
pos: [1, 29, -27, 5] vel: [9, -17, 7, 1]
pos: [11, 9, -17, 5] vel: [10, -20, 10, 0]
pos: [18, -12, -4, 6] vel: [7, -21, 13, 1]
pos: [22, -30, 10, 6] vel: [4, -18, 14, 0]
pos: [23, -45, 23, 7] vel: [1, -15, 13, 1]
pos: [22, -57, 34, 9] vel: [-1, -12, 11, 2]
pos: [20, -66, 42, 12] vel: [-2, -9, 8, 3]
pos: [17, -72, 47, 16] vel: [-3, -6, 5, 4]
pos: [13, -75, 49, 21] vel: [-4, -3, 2, 5]
pos: [10, -75, 48, 25] vel: [-3, 0, -1, 4]
pos: [8, -72, 44, 28] vel: [-2, 3, -4, 3]
pos: [7, -66, 37, 30] vel: [-1, 6, -7, 2]
pos: [7, -57, 27, 31] vel: [0, 9, -10, 1]
pos: [8, -45, 16, 29] vel: [1, 12, -11, -2]
pos: [10, -30, 4, 24] vel: [2, 15, -12, -5]
pos: [11, -12, -7, 16] vel: [1, 18, -11, -8]
pos: [11, 9, -17, 5] vel: [0, 21, -10, -11]
pos: [8, 29, -24, -5] vel: [-3, 20, -7, -10]
pos: [4, 46, -28, -14] vel: [-4, 17, -4, -9]
pos: [-1, 60, -29, -22] vel: [-5, 14, -1, -8]
pos: [-7, 71, -27, -29] vel: [-6, 11, 2, -7]
pos: [-14, 79, -24, -33] vel: [-7, 8, 3, -4]
pos: [-22, 84, -20, -34] vel: [-8, 5, 4, -1]
pos: [-29, 86, -17, -32] vel: [-7, 2, 3, 2]
pos: [-35, 85, -15, -27] vel: [-6, -1, 2, 5]
pos: [-38, 81, -14, -21] vel: [-3, -4, 1, 6]
pos: [-38, 74, -14, -14] vel: [0, -7, 0, 7]
pos: [-35, 64, -14, -7] vel: [3, -10, 0, 7]
pos: [-29, 51, -13, -1] vel: [6, -13, 1, 6]
pos: [-20, 35, -11, 4] vel: [9, -16, 2, 5]
pos: [-8, 16, -8, 8] vel: [12, -19, 3, 4]
pos: [6, -6, -3, 11] vel: [14, -22, 5, 3]
pos: [19, -25, 3, 11] vel: [13, -19, 6, 0]
pos: [29, -41, 10, 10] vel: [10, -16, 7, -1]
pos: [36, -54, 17, 9] vel: [7, -13, 7, -1]
pos: [40, -64, 23, 9] vel: [4, -10, 6, 0]
pos: [41, -71, 28, 10] vel: [1, -7, 5, 1]
pos: [39, -75, 32, 12] vel: [-2, -4, 4, 2]
pos: [34, -76, 35, 15] vel: [-5, -1, 3, 3]
pos: [28, -74, 35, 19] vel: [-6, 2, 0, 4]
pos: [21, -69, 32, 24] vel: [-7, 5, -3, 5]
pos: [15, -61, 26, 28] vel: [-6, 8, -6, 4]
pos: [10, -50, 19, 29] vel: [-5, 11, -7, 1]
pos: [6, -36, 11, 27] vel: [-4, 14, -8, -2]
pos: [3, -19, 2, 22] vel: [-3, 17, -9, -5]
pos: [-1, 1, -6, 14] vel: [-4, 20, -8, -8]
pos: [-4, 20, -11, 3] vel: [-3, 19, -5, -11]
pos: [-6, 36, -13, -9] vel: [-2, 16, -2, -12]
pos: [-9, 49, -12, -20] vel: [-3, 13, 1, -11]
pos: [-13, 59, -10, -28] vel: [-4, 10, 2, -8]
pos: [-16, 66, -9, -33] vel: [-3, 7, 1, -5]
pos: [-18, 70, -9, -35] vel: [-2, 4, 0, -2]
pos: [-19, 71, -10, -34] vel: [-1, 1, -1, 1]
pos: [-19, 69, -12, -30] vel: [0, -2, -2, 4]
pos: [-18, 64, -15, -23] vel: [1, -5, -3, 7]
pos: [-16, 56, -19, -13] vel: [2, -8, -4, 10]
pos: [-13, 45, -20, -4] vel: [3, -11, -1, 9]
pos: [-9, 31, -18, 4] vel: [4, -14, 2, 8]
pos: [-4, 14, -13, 11] vel: [5, -17, 5, 7]
pos: [2, -6, -5, 17] vel: [6, -20, 8, 6]
pos: [7, -23, 4, 20] vel: [5, -17, 9, 3]
pos: [11, -37, 14, 20] vel: [4, -14, 10, 0]
pos: [16, -48, 23, 17] vel: [5, -11, 9, -3]
pos: [22, -56, 29, 13] vel: [6, -8, 6, -4]
pos: [27, -61, 32, 10] vel: [5, -5, 3, -3]
pos: [31, -63, 32, 8] vel: [4, -2, 0, -2]
pos: [34, -62, 29, 7] vel: [3, 1, -3, -1]
pos: [34, -58, 25, 7] vel: [0, 4, -4, 0]
pos: [31, -51, 20, 8] vel: [-3, 7, -5, 1]
pos: [25, -41, 14, 10] vel: [-6, 10, -6, 2]
pos: [16, -28, 7, 13] vel: [-9, 13, -7, 3]
pos: [4, -12, 1, 15] vel: [-12, 16, -6, 2]
pos: [-9, 7, -4, 14] vel: [-13, 19, -5, -1]
pos: [-19, 25, -8, 10] vel: [-10, 18, -4, -4]
pos: [-26, 40, -11, 5] vel: [-7, 15, -3, -5]
pos: [-30, 52, -13, -1] vel: [-4, 12, -2, -6]
pos: [-31, 61, -14, -8] vel: [-1, 9, -1, -7]
pos: [-29, 67, -14, -16] vel: [2, 6, 0, -8]
pos: [-24, 70, -15, -23] vel: [5, 3, -1, -7]
pos: [-16, 70, -17, -29] vel: [8, 0, -2, -6]
pos: [-9, 67, -18, -32] vel: [7, -3, -1, -3]
pos: [-3, 61, -18, -32] vel: [6, -6, 0, 0]
pos: [2, 52, -17, -29] vel: [5, -9, 1, 3]
pos: [6, 40, -15, -23] vel: [4, -12, 2, 6]
pos: [9, 25, -12, -14] vel: [3, -15, 3, 9]
pos: [11, 7, -8, -2] vel: [2, -18, 4, 12]
pos: [10, -12, -1, 11] vel: [-1, -19, 7, 13]
pos: [8, -28, 7, 21] vel: [-2, -16, 8, 10]
pos: [5, -41, 16, 28] vel: [-3, -13, 9, 7]
pos: [3, -51, 24, 32] vel: [-2, -10, 8, 4]
pos: [2, -58, 31, 33] vel: [-1, -7, 7, 1]
pos: [2, -62, 37, 31] vel: [0, -4, 6, -2]
pos: [3, -63, 40, 28] vel: [1, -1, 3, -3]
pos: [5, -61, 40, 24] vel: [2, 2, 0, -4]
pos: [8, -56, 37, 19] vel: [3, 5, -3, -5]
pos: [12, -48, 31, 13] vel: [4, 8, -6, -6]
pos: [17, -37, 22, 6] vel: [5, 11, -9, -7]
pos: [21, -23, 10, 0] vel: [4, 14, -12, -6]
pos: [22, -6, -3, -5] vel: [1, 17, -13, -5]
pos: [20, 14, -17, -9] vel: [-2, 20, -14, -4]
pos: [15, 33, -28, -12] vel: [-5, 19, -11, -3]
pos: [9, 49, -36, -14] vel: [-6, 16, -8, -2]
pos: [2, 62, -41, -15] vel: [-7, 13, -5, -1]
pos: [-6, 72, -43, -15] vel: [-8, 10, -2, 0]
pos: [-15, 79, -42, -14] vel: [-9, 7, 1, 1]
pos: [-23, 83, -38, -14] vel: [-8, 4, 4, 0]
pos: [-30, 84, -31, -15] vel: [-7, 1, 7, -1]
pos: [-36, 82, -21, -17] vel: [-6, -2, 10, -2]
pos: [-39, 77, -10, -20] vel: [-3, -5, 11, -3]
pos: [-39, 69, 0, -22] vel: [0, -8, 10, -2]
pos: [-36, 58, 9, -23] vel: [3, -11, 9, -1]
pos: [-30, 44, 17, -23] vel: [6, -14, 8, 0]
pos: [-21, 27, 24, -22] vel: [9, -17, 7, 1]
pos: [-11, 7, 30, -18] vel: [10, -20, 6, 4]
pos: [0, -14, 33, -11] vel: [11, -21, 3, 7]
pos: [10, -32, 33, -3] vel: [10, -18, 0, 8]
pos: [19, -47, 30, 6] vel: [9, -15, -3, 9]
pos: [27, -59, 24, 16] vel: [8, -12, -6, 10]
pos: [32, -68, 17, 27] vel: [5, -9, -7, 11]
pos: [34, -74, 11, 37] vel: [2, -6, -6, 10]
pos: [35, -77, 6, 44] vel: [1, -3, -5, 7]
pos: [35, -77, 2, 48] vel: [0, 0, -4, 4]
pos: [34, -74, -1, 49] vel: [-1, 3, -3, 1]
pos: [32, -68, -3, 47] vel: [-2, 6, -2, -2]
pos: [29, -59, -4, 42] vel: [-3, 9, -1, -5]
pos: [25, -47, -4, 34] vel: [-4, 12, 0, -8]
pos: [20, -32, -3, 23] vel: [-5, 15, 1, -11]
pos: [14, -14, -1, 9] vel: [-6, 18, 2, -14]
pos: [5, 7, 2, -6] vel: [-9, 21, 3, -15]
pos: [-5, 25, 6, -18] vel: [-10, 18, 4, -12]
pos: [-14, 40, 9, -27] vel: [-9, 15, 3, -9]
pos: [-22, 52, 11, -33] vel: [-8, 12, 2, -6]
pos: [-29, 61, 12, -36] vel: [-7, 9, 1, -3]
pos: [-35, 67, 12, -36] vel: [-6, 6, 0, 0]
pos: [-40, 70, 11, -33] vel: [-5, 3, -1, 3]
pos: [-42, 70, 9, -29] vel: [-2, 0, -2, 4]
pos: [-41, 67, 6, -24] vel: [1, -3, -3, 5]
pos: [-37, 61, 2, -18] vel: [4, -6, -4, 6]
pos: [-30, 52, -3, -11] vel: [7, -9, -5, 7]
pos: [-20, 40, -9, -3] vel: [10, -12, -6, 8]
pos: [-7, 25, -14, 4] vel: [13, -15, -5, 7]
pos: [7, 7, -16, 10] vel: [14, -18, -2, 6]
pos: [21, -11, -15, 13] vel: [14, -18, 1, 3]
pos: [32, -28, -11, 15] vel: [11, -17, 4, 2]
pos: [40, -42, -6, 16] vel: [8, -14, 5, 1]
pos: [45, -53, 0, 16] vel: [5, -11, 6, 0]
pos: [47, -61, 7, 15] vel: [2, -8, 7, -1]
pos: [46, -66, 15, 13] vel: [-1, -5, 8, -2]
pos: [42, -68, 22, 12] vel: [-4, -2, 7, -1]
pos: [35, -67, 28, 12] vel: [-7, 1, 6, 0]
pos: [25, -63, 33, 13] vel: [-10, 4, 5, 1]
pos: [14, -56, 35, 15] vel: [-11, 7, 2, 2]
pos: [4, -46, 34, 16] vel: [-10, 10, -1, 1]
pos: [-5, -33, 30, 16] vel: [-9, 13, -4, 0]
pos: [-13, -17, 23, 15] vel: [-8, 16, -7, -1]
pos: [-20, 2, 13, 13] vel: [-7, 19, -10, -2]
pos: [-24, 22, 1, 9] vel: [-4, 20, -12, -4]
pos: [-25, 39, -10, 4] vel: [-1, 17, -11, -5]
pos: [-23, 53, -20, -2] vel: [2, 14, -10, -6]
pos: [-18, 64, -29, -9] vel: [5, 11, -9, -7]
pos: [-12, 72, -35, -17] vel: [6, 8, -6, -8]
pos: [-7, 77, -38, -24] vel: [5, 5, -3, -7]
pos: [-3, 79, -38, -30] vel: [4, 2, 0, -6]
pos: [0, 78, -35, -35] vel: [3, -1, 3, -5]
pos: [2, 74, -30, -38] vel: [2, -4, 5, -3]
pos: [3, 67, -24, -38] vel: [1, -7, 6, 0]
pos: [3, 57, -17, -35] vel: [0, -10, 7, 3]
pos: [2, 44, -9, -29] vel: [-1, -13, 8, 6]
pos: [0, 28, 0, -20] vel: [-2, -16, 9, 9]
pos: [-2, 9, 9, -8] vel: [-2, -19, 9, 12]
pos: [-3, -12, 16, 7] vel: [-1, -21, 7, 15]
pos: [-3, -30, 20, 21] vel: [0, -18, 4, 14]
pos: [-2, -45, 23, 32] vel: [1, -15, 3, 11]
pos: [0, -57, 25, 40] vel: [2, -12, 2, 8]
pos: [3, -66, 26, 45] vel: [3, -9, 1, 5]
pos: [7, -72, 26, 47] vel: [4, -6, 0, 2]
pos: [12, -75, 25, 46] vel: [5, -3, -1, -1]
pos: [18, -75, 23, 42] vel: [6, 0, -2, -4]
pos: [25, -72, 20, 35] vel: [7, 3, -3, -7]
pos: [31, -66, 18, 25] vel: [6, 6, -2, -10]
pos: [34, -57, 17, 14] vel: [3, 9, -1, -11]
pos: [34, -45, 15, 4] vel: [0, 12, -2, -10]
pos: [31, -30, 12, -5] vel: [-3, 15, -3, -9]
pos: [25, -12, 8, -13] vel: [-6, 18, -4, -8]
pos: [16, 7, 3, -18] vel: [-9, 19, -5, -5]
pos: [4, 25, -1, -20] vel: [-12, 18, -4, -2]
pos: [-9, 40, -4, -19] vel: [-13, 15, -3, 1]
pos: [-21, 52, -8, -15] vel: [-12, 12, -4, 4]
pos: [-30, 61, -13, -10] vel: [-9, 9, -5, 5]
pos: [-36, 67, -17, -6] vel: [-6, 6, -4, 4]
pos: [-39, 70, -20, -3] vel: [-3, 3, -3, 3]
pos: [-39, 70, -22, -1] vel: [0, 0, -2, 2]
pos: [-36, 67, -23, 0] vel: [3, -3, -1, 1]
pos: [-30, 61, -23, 0] vel: [6, -6, 0, 0]
pos: [-21, 52, -22, -1] vel: [9, -9, 1, -1]
pos: [-11, 40, -18, -3] vel: [10, -12, 4, -2]
pos: [0, 25, -11, -6] vel: [11, -15, 7, -3]
pos: [10, 7, -1, -8] vel: [10, -18, 10, -2]
pos: [17, -12, 10, -7] vel: [7, -19, 11, 1]
pos: [21, -28, 20, -5] vel: [4, -16, 10, 2]
pos: [22, -41, 29, -2] vel: [1, -13, 9, 3]
pos: [22, -51, 35, 2] vel: [0, -10, 6, 4]
pos: [21, -58, 38, 7] vel: [-1, -7, 3, 5]
pos: [19, -62, 38, 13] vel: [-2, -4, 0, 6]
pos: [16, -63, 35, 20] vel: [-3, -1, -3, 7]
pos: [14, -61, 29, 26] vel: [-2, 2, -6, 6]
pos: [13, -56, 20, 31] vel: [-1, 5, -9, 5]
pos: [13, -48, 10, 33] vel: [0, 8, -10, 2]
pos: [12, -37, 1, 32] vel: [-1, 11, -9, -1]
pos: [10, -23, -7, 28] vel: [-2, 14, -8, -4]
pos: [7, -6, -14, 21] vel: [-3, 17, -7, -7]
pos: [3, 12, -18, 11] vel: [-4, 18, -4, -10]
pos: [0, 27, -19, 0] vel: [-3, 15, -1, -11]
pos: [-3, 39, -17, -11] vel: [-3, 12, 2, -11]
pos: [-7, 48, -12, -21] vel: [-4, 9, 5, -10]
pos: [-12, 54, -6, -28] vel: [-5, 6, 6, -7]
pos: [-16, 57, -1, -32] vel: [-4, 3, 5, -4]
pos: [-19, 57, 3, -33] vel: [-3, 0, 4, -1]
pos: [-21, 54, 6, -31] vel: [-2, -3, 3, 2]
pos: [-22, 48, 8, -26] vel: [-1, -6, 2, 5]
pos: [-22, 39, 9, -18] vel: [0, -9, 1, 8]
pos: [-19, 27, 9, -9] vel: [3, -12, 0, 9]
pos: [-13, 12, 8, 1] vel: [6, -15, -1, 10]
pos: [-4, -6, 6, 12] vel: [9, -18, -2, 11]
pos: [6, -21, 3, 20] vel: [10, -15, -3, 8]
pos: [15, -33, 1, 25] vel: [9, -12, -2, 5]
pos: [23, -42, 0, 27] vel: [8, -9, -1, 2]
pos: [30, -48, 0, 26] vel: [7, -6, 0, -1]
pos: [34, -51, 1, 24] vel: [4, -3, 1, -2]
pos: [35, -51, 3, 21] vel: [1, 0, 2, -3]
pos: [33, -48, 6, 17] vel: [-2, 3, 3, -4]
pos: [28, -42, 10, 12] vel: [-5, 6, 4, -5]
pos: [20, -33, 15, 6] vel: [-8, 9, 5, -6]
pos: [9, -21, 19, 1] vel: [-11, 12, 4, -5]
pos: [-3, -6, 20, -3] vel: [-12, 15, 1, -4]
pos: [-15, 12, 18, -7] vel: [-12, 18, -2, -4]
pos: [-24, 29, 13, -10] vel: [-9, 17, -5, -3]
pos: [-30, 43, 7, -12] vel: [-6, 14, -6, -2]
pos: [-33, 54, 0, -13] vel: [-3, 11, -7, -1]
pos: [-33, 62, -8, -13] vel: [0, 8, -8, 0]
pos: [-30, 67, -17, -12] vel: [3, 5, -9, 1]
pos: [-24, 69, -25, -12] vel: [6, 2, -8, 0]
pos: [-17, 68, -30, -13] vel: [7, -1, -5, -1]
pos: [-9, 64, -32, -15] vel: [8, -4, -2, -2]
pos: [-2, 57, -31, -16] vel: [7, -7, 1, -1]
pos: [4, 47, -27, -16] vel: [6, -10, 4, 0]
pos: [9, 34, -20, -15] vel: [5, -13, 7, 1]
pos: [13, 18, -10, -13] vel: [4, -16, 10, 2]
pos: [16, -1, 1, -8] vel: [3, -19, 11, 5]
pos: [16, -19, 11, 0] vel: [0, -18, 10, 8]
pos: [13, -34, 20, 9] vel: [-3, -15, 9, 9]
pos: [9, -46, 26, 19] vel: [-4, -12, 6, 10]
pos: [6, -55, 29, 28] vel: [-3, -9, 3, 9]
pos: [4, -61, 29, 36] vel: [-2, -6, 0, 8]
pos: [3, -64, 28, 41] vel: [-1, -3, -1, 5]
pos: [3, -64, 26, 43] vel: [0, 0, -2, 2]
pos: [4, -61, 23, 42] vel: [1, 3, -3, -1]
pos: [6, -55, 19, 38] vel: [2, 6, -4, -4]
pos: [9, -46, 14, 31] vel: [3, 9, -5, -7]
pos: [13, -34, 8, 21] vel: [4, 12, -6, -10]
pos: [16, -19, 3, 8] vel: [3, 15, -5, -13]
pos: [16, -1, -1, -6] vel: [0, 18, -4, -14]
pos: [13, 17, -5, -17] vel: [-3, 18, -4, -11]
pos: [9, 32, -8, -25] vel: [-4, 15, -3, -8]
pos: [4, 44, -10, -30] vel: [-5, 12, -2, -5]
pos: [-2, 53, -11, -32] vel: [-6, 9, -1, -2]
pos: [-9, 59, -11, -31] vel: [-7, 6, 0, 1]
pos: [-17, 62, -10, -27] vel: [-8, 3, 1, 4]
pos: [-24, 62, -10, -20] vel: [-7, 0, 0, 7]
pos: [-28, 59, -11, -12] vel: [-4, -3, -1, 8]
pos: [-29, 53, -13, -3] vel: [-1, -6, -2, 9]
pos: [-27, 44, -14, 5] vel: [2, -9, -1, 8]
pos: [-22, 32, -14, 12] vel: [5, -12, 0, 7]
pos: [-14, 17, -13, 18] vel: [8, -15, 1, 6]
pos: [-3, 1, -11, 21] vel: [11, -16, 2, 3]
pos: [9, -16, -6, 21] vel: [12, -17, 5, 0]
pos: [20, -30, 0, 18] vel: [11, -14, 6, -3]
pos: [28, -41, 7, 14] vel: [8, -11, 7, -4]
pos: [33, -49, 15, 9] vel: [5, -8, 8, -5]
pos: [35, -54, 22, 5] vel: [2, -5, 7, -4]
pos: [34, -56, 28, 2] vel: [-1, -2, 6, -3]
pos: [30, -55, 33, 0] vel: [-4, 1, 5, -2]
pos: [25, -51, 35, -1] vel: [-5, 4, 2, -1]
pos: [19, -44, 34, -1] vel: [-6, 7, -1, 0]
pos: [12, -34, 30, 0] vel: [-7, 10, -4, 1]
pos: [4, -21, 23, 2] vel: [-8, 13, -7, 2]
pos: [-5, -5, 13, 5] vel: [-9, 16, -10, 3]
pos: [-12, 13, 0, 7] vel: [-7, 18, -13, 2]
pos: [-16, 28, -12, 8] vel: [-4, 15, -12, 1]
pos: [-17, 40, -23, 8] vel: [-1, 12, -11, 0]
pos: [-17, 49, -31, 7] vel: [0, 9, -8, -1]
pos: [-16, 55, -36, 5] vel: [1, 6, -5, -2]
pos: [-14, 58, -38, 2] vel: [2, 3, -2, -3]
pos: [-11, 58, -37, -2] vel: [3, 0, 1, -4]
pos: [-7, 55, -33, -7] vel: [4, -3, 4, -5]
pos: [-3, 49, -26, -12] vel: [4, -6, 7, -5]
pos: [0, 40, -16, -16] vel: [3, -9, 10, -4]
pos: [2, 28, -4, -18] vel: [2, -12, 12, -2]
pos: [3, 13, 9, -17] vel: [1, -15, 13, 1]
pos: [5, -5, 21, -13] vel: [2, -18, 12, 4]
pos: [6, -22, 30, -6] vel: [1, -17, 9, 7]
pos: [6, -36, 36, 2] vel: [0, -14, 6, 8]
pos: [5, -47, 39, 11] vel: [-1, -11, 3, 9]
pos: [5, -55, 39, 19] vel: [0, -8, 0, 8]
pos: [6, -60, 36, 26] vel: [1, -5, -3, 7]
pos: [8, -62, 30, 32] vel: [2, -2, -6, 6]
pos: [11, -61, 23, 35] vel: [3, 1, -7, 3]
pos: [15, -57, 15, 35] vel: [4, 4, -8, 0]
pos: [19, -50, 7, 32] vel: [4, 7, -8, -3]
pos: [22, -40, 0, 26] vel: [3, 10, -7, -6]
pos: [24, -27, -6, 17] vel: [2, 13, -6, -9]
pos: [23, -11, -11, 7] vel: [-1, 16, -5, -10]
pos: [19, 7, -14, -4] vel: [-4, 18, -3, -11]
pos: [12, 24, -14, -14] vel: [-7, 17, 0, -10]
pos: [4, 38, -12, -22] vel: [-8, 14, 2, -8]
pos: [-5, 49, -9, -27] vel: [-9, 11, 3, -5]
pos: [-15, 57, -5, -29] vel: [-10, 8, 4, -2]
pos: [-24, 62, -2, -28] vel: [-9, 5, 3, 1]
pos: [-32, 64, 0, -24] vel: [-8, 2, 2, 4]
pos: [-37, 63, 1, -19] vel: [-5, -1, 1, 5]
pos: [-39, 59, 1, -13] vel: [-2, -4, 0, 6]
pos: [-38, 52, 0, -6] vel: [1, -7, -1, 7]
pos: [-34, 42, -2, 2] vel: [4, -10, -2, 8]
pos: [-27, 29, -3, 9] vel: [7, -13, -1, 7]
pos: [-17, 13, -3, 15] vel: [10, -16, 0, 6]
pos: [-4, -4, -2, 18] vel: [13, -17, 1, 3]
pos: [11, -19, -2, 18] vel: [15, -15, 0, 0]
pos: [25, -31, -1, 15] vel: [14, -12, 1, -3]
pos: [36, -40, 1, 11] vel: [11, -9, 2, -4]
pos: [44, -46, 4, 6] vel: [8, -6, 3, -5]
pos: [49, -49, 8, 0] vel: [5, -3, 4, -6]
pos: [51, -49, 11, -5] vel: [2, 0, 3, -5]
pos: [50, -46, 13, -9] vel: [-1, 3, 2, -4]
pos: [46, -40, 14, -12] vel: [-4, 6, 1, -3]
pos: [39, -31, 14, -14] vel: [-7, 9, 0, -2]
pos: [29, -19, 13, -15] vel: [-10, 12, -1, -1]
pos: [16, -4, 11, -15] vel: [-13, 15, -2, 0]
pos: [0, 12, 8, -12] vel: [-16, 16, -3, 3]
pos: [-15, 25, 4, -6] vel: [-15, 13, -4, 6]
pos: [-27, 35, -1, 1] vel: [-12, 10, -5, 7]
pos: [-36, 42, -5, 7] vel: [-9, 7, -4, 6]
pos: [-42, 46, -8, 12] vel: [-6, 4, -3, 5]
pos: [-45, 47, -10, 16] vel: [-3, 1, -2, 4]
pos: [-45, 45, -11, 19] vel: [0, -2, -1, 3]
pos: [-42, 40, -11, 21] vel: [3, -5, 0, 2]
pos: [-36, 32, -10, 22] vel: [6, -8, 1, 1]
pos: [-27, 21, -8, 22] vel: [9, -11, 2, 0]
pos: [-15, 9, -5, 19] vel: [12, -12, 3, -3]
pos: [0, -4, -1, 13] vel: [15, -13, 4, -6]
pos: [14, -14, 4, 4] vel: [14, -10, 5, -9]
pos: [25, -21, 9, -5] vel: [11, -7, 5, -9]
pos: [33, -25, 13, -13] vel: [8, -4, 4, -8]
pos: [38, -26, 16, -20] vel: [5, -1, 3, -7]
pos: [40, -24, 18, -26] vel: [2, 2, 2, -6]
pos: [39, -21, 19, -29] vel: [-1, 3, 1, -3]
pos: [35, -17, 19, -29] vel: [-4, 4, 0, 0]
pos: [28, -12, 18, -26] vel: [-7, 5, -1, 3]
pos: [18, -6, 16, -20] vel: [-10, 6, -2, 6]
pos: [5, 1, 13, -11] vel: [-13, 7, -3, 9]
pos: [-9, 9, 7, 1] vel: [-14, 8, -6, 12]
pos: [-20, 14, 0, 14] vel: [-11, 5, -7, 13]
pos: [-28, 17, -6, 25] vel: [-8, 3, -6, 11]
pos: [-33, 19, -11, 33] vel: [-5, 2, -5, 8]
pos: [-35, 20, -15, 38] vel: [-2, 1, -4, 5]
pos: [-34, 20, -18, 40] vel: [1, 0, -3, 2]
pos: [-30, 19, -20, 39] vel: [4, -1, -2, -1]
pos: [-23, 17, -21, 35] vel: [7, -2, -1, -4]
pos: [-13, 14, -21, 28] vel: [10, -3, 0, -7]
pos: [-2, 10, -18, 18] vel: [11, -4, 3, -10]
pos: [10, 5, -12, 5] vel: [12, -5, 6, -13]
pos: [19, 0, -3, -8] vel: [9, -5, 9, -13]
pos: [25, -6, 7, -18] vel: [6, -6, 10, -10]
pos: [28, -11, 16, -25] vel: [3, -5, 9, -7]
pos: [28, -15, 24, -29] vel: [0, -4, 8, -4]
pos: [25, -18, 31, -30] vel: [-3, -3, 7, -1]
pos: [21, -20, 35, -28] vel: [-4, -2, 4, 2]
pos: [16, -21, 36, -23] vel: [-5, -1, 1, 5]
pos: [10, -21, 34, -15] vel: [-6, 0, -2, 8]
pos: [3, -18, 29, -6] vel: [-7, 3, -5, 9]
pos: [-5, -12, 21, 4] vel: [-8, 6, -8, 10]
pos: [-12, -3, 10, 13] vel: [-7, 9, -11, 9]
pos: [-16, 7, -2, 19] vel: [-4, 10, -12, 6]
pos: [-17, 16, -13, 22] vel: [-1, 9, -11, 3]
pos: [-15, 24, -23, 22] vel: [2, 8, -10, 0]
pos: [-12, 29, -30, 21] vel: [3, 5, -7, -1]
pos: [-8, 31, -34, 19] vel: [4, 2, -4, -2]
pos: [-3, 30, -35, 16] vel: [5, -1, -1, -3]
pos: [3, 26, -33, 12] vel: [6, -4, 2, -4]
pos: [10, 19, -28, 7] vel: [7, -7, 5, -5]
pos: [16, 9, -20, 3] vel: [6, -10, 8, -4]
pos: [19, -2, -9, 0] vel: [3, -11, 11, -3]
pos: [19, -12, 5, -4] vel: [0, -10, 14, -4]
pos: [16, -19, 18, -7] vel: [-3, -7, 13, -3]
pos: [12, -23, 28, -9] vel: [-4, -4, 10, -2]
pos: [7, -24, 35, -10] vel: [-5, -1, 7, -1]
pos: [1, -22, 39, -10] vel: [-6, 2, 4, 0]
pos: [-6, -17, 40, -9] vel: [-7, 5, 1, 1]
pos: [-14, -9, 38, -7] vel: [-8, 8, -2, 2]
pos: [-19, 0, 33, -6] vel: [-5, 9, -5, 1]
pos: [-21, 8, 25, -4] vel: [-2, 8, -8, 2]
pos: [-20, 15, 14, -1] vel: [1, 7, -11, 3]
pos: [-16, 19, 2, 3] vel: [4, 4, -12, 4]
pos: [-9, 20, -9, 6] vel: [7, 1, -11, 3]
pos: [0, 18, -18, 8] vel: [9, -2, -9, 2]
pos: [10, 13, -24, 9] vel: [10, -5, -6, 1]
pos: [19, 5, -27, 11] vel: [9, -8, -3, 2]
pos: [25, -2, -27, 12] vel: [6, -7, 0, 1]
pos: [28, -8, -24, 12] vel: [3, -6, 3, 0]
pos: [28, -13, -18, 11] vel: [0, -5, 6, -1]
pos: [25, -17, -9, 9] vel: [-3, -4, 9, -2]
pos: [19, -18, 1, 6] vel: [-6, -1, 10, -3]
pos: [10, -16, 12, 2] vel: [-9, 2, 11, -4]
pos: [0, -11, 20, -1] vel: [-10, 5, 8, -3]
pos: [-11, -3, 25, -3] vel: [-11, 8, 5, -2]
pos: [-19, 5, 27, -5] vel: [-8, 8, 2, -2]
pos: [-24, 12, 26, -6] vel: [-5, 7, -1, -1]
pos: [-26, 18, 22, -6] vel: [-2, 6, -4, 0]
pos: [-25, 23, 15, -5] vel: [1, 5, -7, 1]
pos: [-21, 25, 7, -3] vel: [4, 2, -8, 2]
pos: [-14, 24, -2, 0] vel: [7, -1, -9, 3]
pos: [-4, 20, -10, 2] vel: [10, -4, -8, 2]
pos: [7, 13, -15, 3] vel: [11, -7, -5, 1]
pos: [17, 3, -17, 5] vel: [10, -10, -2, 2]
pos: [24, -6, -16, 6] vel: [7, -9, 1, 1]
pos: [28, -14, -12, 6] vel: [4, -8, 4, 0]
pos: [29, -19, -7, 5] vel: [1, -5, 5, -1]
pos: [27, -21, -1, 3] vel: [-2, -2, 6, -2]
pos: [22, -20, 6, 0] vel: [-5, 1, 7, -3]
pos: [14, -16, 12, -2] vel: [-8, 4, 6, -2]
pos: [3, -9, 17, -3] vel: [-11, 7, 5, -1]
pos: [-9, 1, 19, -3] vel: [-12, 10, 2, 0]
pos: [-18, 10, 18, -2] vel: [-9, 9, -1, 1]
pos: [-24, 18, 14, 0] vel: [-6, 8, -4, 2]
pos: [-27, 23, 9, 3] vel: [-3, 5, -5, 3]
pos: [-27, 25, 3, 7] vel: [0, 2, -6, 4]
pos: [-24, 24, -2, 10] vel: [3, -1, -5, 3]
pos: [-18, 20, -6, 12] vel: [6, -4, -4, 2]
pos: [-9, 13, -9, 13] vel: [9, -7, -3, 1]
pos: [2, 4, -10, 12] vel: [11, -9, -1, -1]
pos: [14, -6, -8, 8] vel: [12, -10, 2, -4]
pos: [23, -15, -3, 3] vel: [9, -9, 5, -5]
pos: [29, -21, 3, -3] vel: [6, -6, 6, -6]
pos: [32, -24, 8, -8] vel: [3, -3, 5, -5]
pos: [32, -24, 12, -12] vel: [0, 0, 4, -4]
pos: [29, -21, 15, -15] vel: [-3, 3, 3, -3]
pos: [23, -15, 17, -17] vel: [-6, 6, 2, -2]
pos: [14, -8, 18, -16] vel: [-9, 7, 1, 1]
pos: [4, 0, 16, -12] vel: [-10, 8, -2, 4]
pos: [-7, 9, 11, -5] vel: [-11, 9, -5, 7]
pos: [-15, 17, 3, 3] vel: [-8, 8, -8, 8]
pos: [-20, 22, -5, 11] vel: [-5, 5, -8, 8]
pos: [-22, 24, -12, 18] vel: [-2, 2, -7, 7]
pos: [-21, 23, -18, 24] vel: [1, -1, -6, 6]
pos: [-17, 21, -23, 27] vel: [4, -2, -5, 3]
pos: [-12, 18, -25, 27] vel: [5, -3, -2, 0]
pos: [-6, 14, -24, 24] vel: [6, -4, 1, -3]
pos: [1, 9, -20, 18] vel: [7, -5, 4, -6]
pos: [9, 3, -13, 9] vel: [8, -6, 7, -9]
pos: [15, -2, -3, -2] vel: [6, -5, 10, -11]
pos: [18, -7, 10, -13] vel: [3, -5, 13, -11]
pos: [18, -11, 22, -21] vel: [0, -4, 12, -8]
pos: [17, -14, 31, -26] vel: [-1, -3, 9, -5]
pos: [15, -16, 37, -28] vel: [-2, -2, 6, -2]
pos: [12, -17, 40, -27] vel: [-3, -1, 3, 1]
pos: [8, -17, 40, -23] vel: [-4, 0, 0, 4]
pos: [3, -16, 37, -16] vel: [-5, 1, -3, 7]
pos: [-3, -13, 31, -7] vel: [-6, 3, -6, 9]
pos: [-10, -7, 22, 3] vel: [-7, 6, -9, 10]
pos: [-14, 0, 10, 12] vel: [-4, 7, -12, 9]
pos: [-15, 8, -3, 18] vel: [-1, 8, -13, 6]
pos: [-13, 15, -15, 21] vel: [2, 7, -12, 3]
pos: [-10, 21, -24, 21] vel: [3, 6, -9, 0]
pos: [-6, 25, -30, 19] vel: [4, 4, -6, -2]
pos: [-1, 26, -33, 16] vel: [5, 1, -3, -3]
pos: [5, 24, -33, 12] vel: [6, -2, 0, -4]
pos: [12, 19, -30, 7] vel: [7, -5, 3, -5]
pos: [18, 11, -24, 3] vel: [6, -8, 6, -4]
pos: [21, 2, -15, 0] vel: [3, -9, 9, -3]
pos: [21, -8, -3, -2] vel: [0, -10, 12, -2]
pos: [18, -15, 10, -5] vel: [-3, -7, 13, -3]
pos: [12, -19, 22, -7] vel: [-6, -4, 12, -2]
pos: [5, -20, 31, -8] vel: [-7, -1, 9, -1]
pos: [-3, -18, 37, -8] vel: [-8, 2, 6, 0]
pos: [-12, -13, 40, -7] vel: [-9, 5, 3, 1]
pos: [-20, -5, 40, -7] vel: [-8, 8, 0, 0]
pos: [-25, 2, 37, -6] vel: [-5, 7, -3, 1]
pos: [-27, 8, 31, -4] vel: [-2, 6, -6, 2]
pos: [-26, 13, 22, -1] vel: [1, 5, -9, 3]
pos: [-22, 17, 10, 3] vel: [4, 4, -12, 4]
pos: [-15, 18, -3, 8] vel: [7, 1, -13, 5]
pos: [-5, 16, -15, 12] vel: [10, -2, -12, 4]
pos: [6, 11, -24, 15] vel: [11, -5, -9, 3]
pos: [18, 5, -30, 15] vel: [12, -6, -6, 0]
pos: [27, 0, -33, 14] vel: [9, -5, -3, -1]
pos: [33, -4, -33, 12] vel: [6, -4, 0, -2]
pos: [36, -7, -30, 9] vel: [3, -3, 3, -3]
pos: [36, -9, -24, 5] vel: [0, -2, 6, -4]
pos: [33, -10, -15, 0] vel: [-3, -1, 9, -5]
pos: [27, -10, -3, -6] vel: [-6, 0, 12, -6]
pos: [18, -7, 8, -11] vel: [-9, 3, 11, -5]
pos: [6, -3, 18, -13] vel: [-12, 4, 10, -2]
pos: [-7, 2, 25, -12] vel: [-13, 5, 7, 1]
pos: [-19, 6, 29, -8] vel: [-12, 4, 4, 4]
pos: [-28, 9, 30, -3] vel: [-9, 3, 1, 5]
pos: [-34, 11, 28, 3] vel: [-6, 2, -2, 6]
pos: [-37, 12, 23, 10] vel: [-3, 1, -5, 7]
pos: [-37, 12, 15, 18] vel: [0, 0, -8, 8]
pos: [-34, 13, 6, 23] vel: [3, 1, -9, 5]
pos: [-28, 13, -2, 25] vel: [6, 0, -8, 2]
pos: [-19, 12, -9, 24] vel: [9, -1, -7, -1]
pos: [-7, 10, -15, 20] vel: [12, -2, -6, -4]
pos: [6, 7, -18, 13] vel: [13, -3, -3, -7]
pos: [20, 3, -18, 3] vel: [14, -4, 0, -10]
pos: [31, -1, -15, -7] vel: [11, -4, 3, -10]
pos: [39, -6, -9, -16] vel: [8, -5, 6, -9]
pos: [44, -12, -2, -22] vel: [5, -6, 7, -6]
pos: [46, -17, 4, -25] vel: [2, -5, 6, -3]
pos: [45, -21, 9, -25] vel: [-1, -4, 5, 0]
pos: [41, -24, 13, -22] vel: [-4, -3, 4, 3]
pos: [34, -24, 16, -18] vel: [-7, 0, 3, 4]
pos: [24, -21, 18, -13] vel: [-10, 3, 2, 5]
pos: [11, -15, 19, -7] vel: [-13, 6, 1, 6]
pos: [-3, -6, 17, 0] vel: [-14, 9, -2, 7]
pos: [-16, 6, 12, 6] vel: [-13, 12, -5, 6]
pos: [-26, 18, 4, 12] vel: [-10, 12, -8, 6]
pos: [-33, 27, -3, 17] vel: [-7, 9, -7, 5]
pos: [-37, 33, -9, 21] vel: [-4, 6, -6, 4]
pos: [-38, 36, -14, 24] vel: [-1, 3, -5, 3]
pos: [-36, 36, -18, 26] vel: [2, 0, -4, 2]
pos: [-31, 33, -21, 27] vel: [5, -3, -3, 1]
pos: [-23, 27, -23, 27] vel: [8, -6, -2, 0]
pos: [-13, 19, -23, 25] vel: [10, -8, 0, -2]
pos: [-2, 10, -20, 20] vel: [11, -9, 3, -5]
pos: [10, 0, -14, 12] vel: [12, -10, 6, -8]
pos: [21, -9, -5, 1] vel: [11, -9, 9, -11]
pos: [29, -15, 5, -11] vel: [8, -6, 10, -12]
pos: [34, -18, 14, -22] vel: [5, -3, 9, -11]
pos: [36, -20, 22, -30] vel: [2, -2, 8, -8]
pos: [35, -21, 29, -35] vel: [-1, -1, 7, -5]
pos: [31, -21, 35, -37] vel: [-4, 0, 6, -2]
pos: [26, -20, 38, -36] vel: [-5, 1, 3, 1]
pos: [20, -18, 38, -32] vel: [-6, 2, 0, 4]
pos: [13, -15, 35, -25] vel: [-7, 3, -3, 7]
pos: [5, -11, 29, -15] vel: [-8, 4, -6, 10]
pos: [-4, -6, 20, -2] vel: [-9, 5, -9, 13]
pos: [-12, 2, 8, 10] vel: [-8, 8, -12, 12]
pos: [-17, 11, -5, 19] vel: [-5, 9, -13, 9]
pos: [-19, 19, -17, 25] vel: [-2, 8, -12, 6]
pos: [-18, 26, -28, 28] vel: [1, 7, -11, 3]
pos: [-16, 32, -36, 28] vel: [2, 6, -8, 0]
pos: [-13, 35, -41, 27] vel: [3, 3, -5, -1]
pos: [-9, 35, -43, 25] vel: [4, 0, -2, -2]
pos: [-4, 32, -42, 22] vel: [5, -3, 1, -3]
pos: [2, 26, -38, 18] vel: [6, -6, 4, -4]
pos: [9, 17, -31, 13] vel: [7, -9, 7, -5]
pos: [17, 5, -21, 7] vel: [8, -12, 10, -6]
pos: [22, -6, -8, 0] vel: [5, -11, 13, -7]
pos: [24, -16, 8, -8] vel: [2, -10, 16, -8]
pos: [23, -23, 23, -15] vel: [-1, -7, 15, -7]
pos: [20, -27, 36, -21] vel: [-3, -4, 13, -6]
pos: [16, -28, 46, -26] vel: [-4, -1, 10, -5]
pos: [11, -26, 53, -30] vel: [-5, 2, 7, -4]
pos: [5, -23, 57, -31] vel: [-6, 3, 4, -1]
pos: [-2, -19, 58, -29] vel: [-7, 4, 1, 2]
pos: [-10, -14, 56, -24] vel: [-8, 5, -2, 5]
pos: [-19, -8, 51, -16] vel: [-9, 6, -5, 8]
pos: [-25, -3, 43, -7] vel: [-6, 5, -8, 9]
pos: [-28, 1, 32, 3] vel: [-3, 4, -11, 10]
pos: [-28, 6, 18, 12] vel: [0, 5, -14, 9]
pos: [-25, 12, 1, 20] vel: [3, 6, -17, 8]
pos: [-19, 17, -15, 25] vel: [6, 5, -16, 5]
pos: [-10, 21, -30, 27] vel: [9, 4, -15, 2]
pos: [0, 24, -42, 26] vel: [10, 3, -12, -1]
pos: [11, 26, -51, 22] vel: [11, 2, -9, -4]
pos: [23, 25, -57, 17] vel: [12, -1, -6, -5]
pos: [34, 21, -60, 13] vel: [11, -4, -3, -4]
pos: [42, 16, -60, 10] vel: [8, -5, 0, -3]
pos: [47, 10, -57, 8] vel: [5, -6, 3, -2]
pos: [49, 3, -51, 7] vel: [2, -7, 6, -1]
pos: [48, -3, -42, 5] vel: [-1, -6, 9, -2]
pos: [44, -8, -30, 2] vel: [-4, -5, 12, -3]
pos: [37, -12, -15, -2] vel: [-7, -4, 15, -4]
pos: [27, -15, 3, -7] vel: [-10, -3, 18, -5]
pos: [14, -15, 20, -11] vel: [-13, 0, 17, -4]
pos: [0, -12, 34, -14] vel: [-14, 3, 14, -3]
pos: [-15, -8, 45, -14] vel: [-15, 4, 11, 0]
pos: [-27, -5, 53, -13] vel: [-12, 3, 8, 1]
pos: [-36, -3, 58, -11] vel: [-9, 2, 5, 2]
pos: [-42, -2, 60, -8] vel: [-6, 1, 2, 3]
pos: [-45, -2, 59, -4] vel: [-3, 0, -1, 4]
pos: [-45, -3, 55, 1] vel: [0, -1, -4, 5]
pos: [-42, -3, 48, 5] vel: [3, 0, -7, 4]
pos: [-36, -2, 38, 8] vel: [6, 1, -10, 3]
pos: [-27, 0, 25, 10] vel: [9, 2, -13, 2]
pos: [-15, 3, 9, 11] vel: [12, 3, -16, 1]
pos: [0, 7, -8, 9] vel: [15, 4, -17, -2]
pos: [16, 10, -22, 4] vel: [16, 3, -14, -5]
pos: [29, 12, -33, 0] vel: [13, 2, -11, -4]
pos: [39, 13, -41, -3] vel: [10, 1, -8, -3]
pos: [46, 13, -46, -5] vel: [7, 0, -5, -2]
pos: [50, 12, -48, -6] vel: [4, -1, -2, -1]
pos: [51, 10, -47, -6] vel: [1, -2, 1, 0]
pos: [49, 7, -43, -5] vel: [-2, -3, 4, 1]
pos: [44, 3, -36, -3] vel: [-5, -4, 7, 2]
pos: [36, -2, -26, 0] vel: [-8, -5, 10, 3]
pos: [25, -6, -13, 2] vel: [-11, -4, 13, 2]
pos: [11, -9, 3, 3] vel: [-14, -3, 16, 1]
pos: [-6, -9, 19, 4] vel: [-17, 0, 16, 1]
pos: [-22, -6, 32, 4] vel: [-16, 3, 13, 0]
pos: [-35, -2, 42, 3] vel: [-13, 4, 10, -1]
pos: [-45, 3, 49, 1] vel: [-10, 5, 7, -2]
pos: [-52, 7, 53, 0] vel: [-7, 4, 4, -1]
pos: [-56, 10, 54, 0] vel: [-4, 3, 1, 0]
pos: [-57, 12, 52, 1] vel: [-1, 2, -2, 1]
pos: [-55, 13, 47, 3] vel: [2, 1, -5, 2]
pos: [-50, 13, 39, 6] vel: [5, 0, -8, 3]
pos: [-42, 12, 28, 10] vel: [8, -1, -11, 4]
pos: [-31, 10, 14, 15] vel: [11, -2, -14, 5]
pos: [-17, 9, -1, 17] vel: [14, -1, -15, 2]
pos: [0, 7, -15, 16] vel: [17, -2, -14, -1]
pos: [18, 4, -26, 12] vel: [18, -3, -11, -4]
pos: [33, 2, -34, 7] vel: [15, -2, -8, -5]
pos: [45, 1, -39, 1] vel: [12, -1, -5, -6]
pos: [54, 0, -41, -5] vel: [9, -1, -2, -6]
pos: [60, -2, -40, -10] vel: [6, -2, 1, -5]
pos: [63, -5, -36, -14] vel: [3, -3, 4, -4]
pos: [63, -9, -29, -17] vel: [0, -4, 7, -3]
pos: [60, -14, -19, -19] vel: [-3, -5, 10, -2]
pos: [54, -20, -7, -19] vel: [-6, -6, 12, 0]
pos: [45, -23, 4, -18] vel: [-9, -3, 11, 1]
pos: [33, -23, 14, -16] vel: [-12, 0, 10, 2]
pos: [18, -20, 23, -13] vel: [-15, 3, 9, 3]
pos: [2, -14, 29, -9] vel: [-16, 6, 6, 4]
pos: [-15, -5, 32, -4] vel: [-17, 9, 3, 5]
pos: [-29, 5, 32, 0] vel: [-14, 10, 0, 4]
pos: [-40, 14, 29, 5] vel: [-11, 9, -3, 5]
pos: [-48, 22, 23, 11] vel: [-8, 8, -6, 6]
pos: [-53, 29, 14, 18] vel: [-5, 7, -9, 7]
pos: [-55, 33, 6, 24] vel: [-2, 4, -8, 6]
pos: [-54, 34, -1, 29] vel: [1, 1, -7, 5]
pos: [-50, 32, -7, 33] vel: [4, -2, -6, 4]
pos: [-43, 29, -12, 34] vel: [7, -3, -5, 1]
pos: [-33, 25, -16, 32] vel: [10, -4, -4, -2]
pos: [-20, 20, -19, 27] vel: [13, -5, -3, -5]
pos: [-4, 14, -21, 19] vel: [16, -6, -2, -8]
pos: [13, 7, -20, 8] vel: [17, -7, 1, -11]
pos: [27, 1, -16, -4] vel: [14, -6, 4, -12]
pos: [38, -6, -9, -15] vel: [11, -7, 7, -11]
pos: [46, -14, -1, -23] vel: [8, -8, 8, -8]
pos: [51, -21, 6, -28] vel: [5, -7, 7, -5]
pos: [53, -27, 12, -30] vel: [2, -6, 6, -2]
pos: [52, -32, 17, -29] vel: [-1, -5, 5, 1]
pos: [48, -34, 21, -27] vel: [-4, -2, 4, 2]
pos: [41, -33, 24, -24] vel: [-7, 1, 3, 3]
pos: [31, -29, 26, -20] vel: [-10, 4, 2, 4]
pos: [18, -22, 27, -15] vel: [-13, 7, 1, 5]
pos: [4, -12, 25, -9] vel: [-14, 10, -2, 6]
pos: [-11, 1, 20, -2] vel: [-15, 13, -5, 7]
pos: [-23, 13, 12, 6] vel: [-12, 12, -8, 8]
pos: [-32, 22, 3, 15] vel: [-9, 9, -9, 9]
pos: [-38, 28, -5, 23] vel: [-6, 6, -8, 8]
pos: [-41, 31, -12, 30] vel: [-3, 3, -7, 7]
pos: [-41, 31, -18, 36] vel: [0, 0, -6, 6]
pos: [-38, 30, -23, 39] vel: [3, -1, -5, 3]
pos: [-32, 28, -27, 39] vel: [6, -2, -4, 0]
pos: [-23, 25, -30, 36] vel: [9, -3, -3, -3]
pos: [-13, 21, -30, 30] vel: [10, -4, 0, -6]
pos: [-2, 16, -27, 21] vel: [11, -5, 3, -9]
pos: [10, 10, -21, 9] vel: [12, -6, 6, -12]
pos: [20, 2, -12, -2] vel: [10, -8, 9, -11]
pos: [27, -7, 0, -12] vel: [7, -9, 12, -10]
pos: [31, -15, 11, -19] vel: [4, -8, 11, -7]
pos: [32, -22, 21, -23] vel: [1, -7, 10, -4]
pos: [30, -28, 30, -24] vel: [-2, -6, 9, -1]
pos: [26, -31, 37, -24] vel: [-4, -3, 7, 0]
pos: [21, -31, 41, -23] vel: [-5, 0, 4, 1]
pos: [15, -28, 42, -21] vel: [-6, 3, 1, 2]
pos: [8, -22, 40, -18] vel: [-7, 6, -2, 3]
pos: [0, -13, 35, -14] vel: [-8, 9, -5, 4]
pos: [-9, -3, 27, -7] vel: [-9, 10, -8, 7]
pos: [-15, 6, 16, 1] vel: [-6, 9, -11, 8]
pos: [-18, 14, 2, 10] vel: [-3, 8, -14, 9]
pos: [-18, 19, -11, 18] vel: [0, 5, -13, 8]
pos: [-15, 21, -23, 25] vel: [3, 2, -12, 7]
pos: [-11, 22, -32, 29] vel: [4, 1, -9, 4]
pos: [-6, 22, -38, 30] vel: [5, 0, -6, 1]
pos: [0, 21, -41, 28] vel: [6, -1, -3, -2]
pos: [7, 19, -41, 23] vel: [7, -2, 0, -5]
pos: [15, 16, -38, 15] vel: [8, -3, 3, -8]
pos: [23, 10, -32, 7] vel: [8, -6, 6, -8]
pos: [28, 3, -23, 0] vel: [5, -7, 9, -7]
pos: [30, -5, -11, -6] vel: [2, -8, 12, -6]
pos: [29, -14, 4, -11] vel: [-1, -9, 15, -5]
pos: [25, -20, 18, -15] vel: [-4, -6, 14, -4]
pos: [18, -23, 31, -18] vel: [-7, -3, 13, -3]
pos: [10, -23, 41, -20] vel: [-8, 0, 10, -2]
pos: [1, -20, 48, -21] vel: [-9, 3, 7, -1]
pos: [-9, -16, 52, -19] vel: [-10, 4, 4, 2]
pos: [-20, -11, 53, -14] vel: [-11, 5, 1, 5]
pos: [-28, -7, 51, -8] vel: [-8, 4, -2, 6]
pos: [-33, -4, 46, -1] vel: [-5, 3, -5, 7]
pos: [-35, 0, 38, 5] vel: [-2, 4, -8, 6]
pos: [-34, 5, 27, 10] vel: [1, 5, -11, 5]
pos: [-30, 11, 13, 14] vel: [4, 6, -14, 4]
pos: [-23, 18, -2, 15] vel: [7, 7, -15, 1]
pos: [-13, 22, -16, 15] vel: [10, 4, -14, 0]
pos: [-2, 23, -27, 14] vel: [11, 1, -11, -1]
pos: [10, 21, -35, 12] vel: [12, -2, -8, -2]
pos: [23, 16, -40, 9] vel: [13, -5, -5, -3]
pos: [33, 10, -42, 7] vel: [10, -6, -2, -2]
pos: [40, 3, -41, 6] vel: [7, -7, 1, -1]
pos: [44, -3, -37, 4] vel: [4, -6, 4, -2]
pos: [45, -8, -30, 1] vel: [1, -5, 7, -3]
pos: [43, -12, -20, -3] vel: [-2, -4, 10, -4]
pos: [38, -15, -7, -8] vel: [-5, -3, 13, -5]
pos: [30, -15, 5, -12] vel: [-8, 0, 12, -4]
pos: [19, -12, 16, -15] vel: [-11, 3, 11, -3]
pos: [5, -8, 26, -15] vel: [-14, 4, 10, 0]
pos: [-10, -3, 33, -12] vel: [-15, 5, 7, 3]
pos: [-24, 1, 37, -6] vel: [-14, 4, 4, 6]
pos: [-35, 4, 38, 1] vel: [-11, 3, 1, 7]
pos: [-43, 6, 36, 9] vel: [-8, 2, -2, 8]
pos: [-48, 9, 31, 16] vel: [-5, 3, -5, 7]
pos: [-50, 13, 23, 22] vel: [-2, 4, -8, 6]
pos: [-49, 18, 12, 27] vel: [1, 5, -11, 5]
pos: [-45, 22, 2, 29] vel: [4, 4, -10, 2]
pos: [-38, 25, -7, 28] vel: [7, 3, -9, -1]
pos: [-28, 27, -15, 24] vel: [10, 2, -8, -4]
pos: [-15, 26, -22, 19] vel: [13, -1, -7, -5]
pos: [-1, 22, -26, 13] vel: [14, -4, -4, -6]
pos: [14, 15, -27, 6] vel: [15, -7, -1, -7]
pos: [28, 5, -25, 0] vel: [14, -10, 2, -6]
pos: [39, -6, -20, -5] vel: [11, -11, 5, -5]
pos: [47, -16, -12, -11] vel: [8, -10, 8, -6]
pos: [52, -23, -3, -18] vel: [5, -7, 9, -7]
pos: [54, -27, 5, -24] vel: [2, -4, 8, -6]
pos: [53, -28, 12, -29] vel: [-1, -1, 7, -5]
pos: [49, -28, 18, -31] vel: [-4, 0, 6, -2]
pos: [42, -27, 23, -30] vel: [-7, 1, 5, 1]
pos: [32, -25, 27, -26] vel: [-10, 2, 4, 4]
pos: [19, -22, 30, -19] vel: [-13, 3, 3, 7]
pos: [5, -16, 30, -11] vel: [-14, 6, 0, 8]
pos: [-10, -7, 27, -2] vel: [-15, 9, -3, 9]
pos: [-22, 3, 21, 6] vel: [-12, 10, -6, 8]
pos: [-31, 14, 12, 13] vel: [-9, 11, -9, 7]
pos: [-37, 22, 4, 19] vel: [-6, 8, -8, 6]
pos: [-40, 27, -3, 24] vel: [-3, 5, -7, 5]
pos: [-40, 29, -9, 28] vel: [0, 2, -6, 4]
pos: [-37, 28, -14, 31] vel: [3, -1, -5, 3]
pos: [-31, 26, -18, 31] vel: [6, -2, -4, 0]
pos: [-22, 23, -21, 28] vel: [9, -3, -3, -3]
pos: [-10, 19, -23, 22] vel: [12, -4, -2, -6]
pos: [3, 14, -22, 13] vel: [13, -5, 1, -9]
pos: [17, 6, -18, 3] vel: [14, -8, 4, -10]
pos: [28, -3, -11, -6] vel: [11, -9, 7, -9]
pos: [36, -13, -1, -14] vel: [8, -10, 10, -8]
pos: [41, -22, 8, -19] vel: [5, -9, 9, -5]
pos: [43, -28, 16, -23] vel: [2, -6, 8, -4]
pos: [42, -31, 23, -26] vel: [-1, -3, 7, -3]
pos: [38, -31, 29, -28] vel: [-4, 0, 6, -2]
pos: [31, -28, 34, -29] vel: [-7, 3, 5, -1]
pos: [23, -24, 36, -27] vel: [-8, 4, 2, 2]
pos: [14, -19, 35, -22] vel: [-9, 5, -1, 5]
pos: [4, -13, 31, -14] vel: [-10, 6, -4, 8]
pos: [-7, -6, 24, -3] vel: [-11, 7, -7, 11]
pos: [-15, 2, 14, 7] vel: [-8, 8, -10, 10]
pos: [-20, 11, 1, 16] vel: [-5, 9, -13, 9]
pos: [-22, 19, -11, 22] vel: [-2, 8, -12, 6]
pos: [-21, 26, -22, 25] vel: [1, 7, -11, 3]
pos: [-19, 30, -30, 27] vel: [2, 4, -8, 2]
pos: [-16, 31, -35, 28] vel: [3, 1, -5, 1]
pos: [-12, 29, -37, 28] vel: [4, -2, -2, 0]
pos: [-7, 24, -36, 27] vel: [5, -5, 1, -1]
pos: [-1, 18, -32, 23] vel: [6, -6, 4, -4]
pos: [6, 11, -25, 16] vel: [7, -7, 7, -7]
pos: [14, 3, -15, 6] vel: [8, -8, 10, -10]
pos: [19, -4, -2, -5] vel: [5, -7, 13, -11]
pos: [21, -10, 10, -13] vel: [2, -6, 12, -8]
pos: [20, -15, 21, -18] vel: [-1, -5, 11, -5]
pos: [18, -19, 29, -20] vel: [-2, -4, 8, -2]
pos: [15, -22, 34, -19] vel: [-3, -3, 5, 1]
pos: [11, -22, 36, -17] vel: [-4, 0, 2, 2]
pos: [6, -19, 35, -14] vel: [-5, 3, -1, 3]
pos: [0, -13, 31, -10] vel: [-6, 6, -4, 4]
pos: [-7, -4, 24, -5] vel: [-7, 9, -7, 5]
pos: [-11, 4, 14, 1] vel: [-4, 8, -10, 6]
pos: [-12, 11, 1, 8] vel: [-1, 7, -13, 7]
pos: [-10, 15, -11, 14] vel: [2, 4, -12, 6]
pos: [-7, 16, -20, 19] vel: [3, 1, -9, 5]
pos: [-3, 16, -26, 21] vel: [4, 0, -6, 2]
pos: [2, 15, -29, 20] vel: [5, -1, -3, -1]
pos: [8, 13, -29, 16] vel: [6, -2, 0, -4]
pos: [15, 10, -26, 9] vel: [7, -3, 3, -7]
pos: [19, 6, -20, 3] vel: [4, -4, 6, -6]
pos: [20, 1, -11, -2] vel: [1, -5, 9, -5]
pos: [18, -5, 1, -6] vel: [-2, -6, 12, -4]
pos: [13, -10, 12, -7] vel: [-5, -5, 11, -1]
pos: [5, -12, 22, -7] vel: [-8, -2, 10, 0]
pos: [-4, -11, 29, -6] vel: [-9, 1, 7, 1]
pos: [-14, -7, 33, -4] vel: [-10, 4, 4, 2]
pos: [-21, -2, 34, -3] vel: [-7, 5, 1, 1]
pos: [-25, 2, 32, -1] vel: [-4, 4, -2, 2]
pos: [-26, 5, 27, 2] vel: [-1, 3, -5, 3]
pos: [-24, 7, 19, 6] vel: [2, 2, -8, 4]
pos: [-19, 8, 8, 11] vel: [5, 1, -11, 5]
pos: [-11, 9, -3, 13] vel: [8, 1, -11, 2]
pos: [0, 9, -13, 12] vel: [11, 0, -10, -1]
pos: [12, 8, -20, 8] vel: [12, -1, -7, -4]
pos: [21, 7, -24, 4] vel: [9, -1, -4, -4]
pos: [27, 5, -25, 1] vel: [6, -2, -1, -3]
pos: [30, 2, -23, -1] vel: [3, -3, 2, -2]
pos: [30, -2, -18, -2] vel: [0, -4, 5, -1]
pos: [27, -6, -10, -3] vel: [-3, -4, 8, -1]
pos: [21, -9, 1, -5] vel: [-6, -3, 11, -2]
pos: [12, -9, 11, -6] vel: [-9, 0, 10, -1]
pos: [0, -6, 20, -6] vel: [-12, 3, 9, 0]
pos: [-13, -1, 26, -4] vel: [-13, 5, 6, 2]
pos: [-23, 3, 29, -1] vel: [-10, 4, 3, 3]
pos: [-30, 6, 29, 3] vel: [-7, 3, 0, 4]
pos: [-34, 8, 26, 8] vel: [-4, 2, -3, 5]
pos: [-35, 10, 20, 13] vel: [-1, 2, -6, 5]
pos: [-33, 13, 11, 17] vel: [2, 3, -9, 4]
pos: [-28, 15, 3, 18] vel: [5, 2, -8, 1]
pos: [-20, 16, -4, 16] vel: [8, 1, -7, -2]
pos: [-9, 15, -10, 12] vel: [11, -1, -6, -4]
pos: [3, 11, -13, 7] vel: [12, -4, -3, -5]
pos: [16, 4, -13, 1] vel: [13, -7, 0, -6]
pos: [26, -4, -10, -4] vel: [10, -8, 3, -5]
pos: [33, -12, -4, -9] vel: [7, -8, 6, -5]
pos: [37, -17, 1, -13] vel: [4, -5, 5, -4]
pos: [38, -19, 5, -16] vel: [1, -2, 4, -3]
pos: [36, -18, 8, -18] vel: [-2, 1, 3, -2]
pos: [31, -15, 10, -18] vel: [-5, 3, 2, 0]
pos: [23, -11, 11, -15] vel: [-8, 4, 1, 3]
pos: [12, -6, 11, -9] vel: [-11, 5, 0, 6]
pos: [-2, 0, 10, 0] vel: [-14, 6, -1, 9]
pos: [-13, 6, 6, 9] vel: [-11, 6, -4, 9]
pos: [-21, 12, 2, 15] vel: [-8, 6, -4, 6]
pos: [-26, 17, -1, 18] vel: [-5, 5, -3, 3]
pos: [-28, 21, -3, 18] vel: [-2, 4, -2, 0]
pos: [-27, 22, -4, 17] vel: [1, 1, -1, -1]
pos: [-23, 20, -4, 15] vel: [4, -2, 0, -2]
pos: [-16, 15, -3, 12] vel: [7, -5, 1, -3]
pos: [-6, 7, -1, 8] vel: [10, -8, 2, -4]
pos: [7, -2, 2, 1] vel: [13, -9, 3, -7]
pos: [17, -8, 4, -5] vel: [10, -6, 2, -6]
pos: [24, -11, 5, -10] vel: [7, -3, 1, -5]
pos: [28, -11, 5, -14] vel: [4, 0, 0, -4]
pos: [29, -10, 4, -15] vel: [1, 1, -1, -1]
pos: [27, -8, 2, -13] vel: [-2, 2, -2, 2]
pos: [22, -5, -1, -8] vel: [-5, 3, -3, 5]
pos: [14, -1, -5, 0] vel: [-8, 4, -4, 8]
pos: [3, 4, -6, 7] vel: [-11, 5, -1, 7]
pos: [-7, 8, -4, 11] vel: [-10, 4, 2, 4]
pos: [-14, 11, -1, 12] vel: [-7, 3, 3, 1]
pos: [-18, 13, 3, 10] vel: [-4, 2, 4, -2]
pos: [-19, 12, 8, 7] vel: [-1, -1, 5, -3]
pos: [-17, 8, 12, 5] vel: [2, -4, 4, -2]
pos: [-12, 3, 13, 4] vel: [5, -5, 1, -1]
pos: [-4, -1, 11, 2] vel: [8, -4, -2, -2]
pos: [7, -4, 6, -1] vel: [11, -3, -5, -3]
pos: [15, -4, 0, -3] vel: [8, 0, -6, -2]
pos: [20, -1, -7, -4] vel: [5, 3, -7, -1]
pos: [22, 1, -11, -4] vel: [2, 2, -4, 0]
pos: [21, 2, -12, -3] vel: [-1, 1, -1, 1]
pos: [17, 2, -10, -1] vel: [-4, 0, 2, 2]
pos: [10, 1, -5, 2] vel: [-7, -1, 5, 3]
pos: [0, 1, 3, 4] vel: [-10, 0, 8, 2]
pos: [-7, 2, 10, 3] vel: [-7, 1, 7, -1]
pos: [-11, 4, 14, 1] vel: [-4, 2, 4, -2]
pos: [-12, 5, 15, 0] vel: [-1, 1, 1, -1]
pos: [-10, 5, 13, 0] vel: [2, 0, -2, 0]
pos: [-5, 4, 8, 1] vel: [5, -1, -5, 1]
pos: [3, 2, 0, 3] vel: [8, -2, -8, 2]
pos: [9, 1, -5, 3] vel: [6, -1, -5, 0]
pos: [12, 1, -7, 2] vel: [3, 0, -2, -1]
pos: [12, 2, -6, 0] vel: [0, 1, 1, -2]
pos: [9, 2, -2, -1] vel: [-3, 0, 4, -1]
pos: [3, 1, 5, -1] vel: [-6, -1, 7, 0]
pos: [-4, 1, 9, 2] vel: [-7, 0, 4, 3]
pos: [-8, 2, 10, 4] vel: [-4, 1, 1, 2]
pos: [-9, 4, 8, 5] vel: [-1, 2, -2, 1]
pos: [-7, 7, 3, 5] vel: [2, 3, -5, 0]
pos: [-2, 7, -1, 4] vel: [5, 0, -4, -1]
pos: [6, 4, -4, 2] vel: [8, -3, -3, -2]
pos: [11, 0, -4, 1] vel: [5, -4, 0, -1]
pos: [13, -3, -1, -1] vel: [2, -3, 3, -2]
pos: [12, -3, 2, -3] vel: [-1, 0, 3, -2]
pos: [8, -1, 4, -3] vel: [-4, 2, 2, 0]
pos: [1, 2, 5, 0] vel: [-7, 3, 1, 3]
pos: [-5, 4, 3, 6] vel: [-6, 2, -2, 6]
pos: [-8, 5, 2, 9] vel: [-3, 1, -1, 3]
pos: [-8, 5, 2, 9] vel: [0, 0, 0, 0]
